2016-06-12,1.71937446237,934,3.41656319428,16.6253593685
2016-06-13,1.63509640243,931,3.18246647359,16.6809966317
2016-06-10,1.65271690275,1044,3.04394061362,17.3273529307
2016-06-11,1.72030252039,938,2.92327346279,15.284535942
2016-06-30,1.63715960779,1089,3.05445532979,17.2190295071
2016-04-29,1.65592743427,984,2.94369156624,16.202563653
2016-04-28,1.63759804506,984,2.99001121603,16.4960912152
2016-04-21,1.64917662598,1119,3.05202304489,17.4526774302
2016-04-20,1.62724649799,1013,2.92710321761,16.5603759303
2016-04-23,1.72723800219,948,2.86339428491,15.2054728836
2016-04-22,1.65614106818,1081,3.04231552683,17.1319714792
2016-01-22,1.6487016967,928,2.7631477653,15.3644841324
2016-04-25,1.63376827504,904,3.14740863625,16.3944361608
2016-01-23,1.69342281175,1005,2.79737423651,14.7809426692
2016-04-24,1.71711067447,916,3.30232458646,16.0382445508
2016-01-20,1.63631983425,936,2.86717043961,15.9079186843
2016-04-27,1.63398540178,986,2.91915210284,16.4681394597
2016-01-21,1.63305476898,963,2.84487211364,16.0490298082
2016-04-26,1.63246273767,919,2.85186481482,15.772273153
2016-01-26,1.64105769171,1158,3.06187191781,17.973933602
2016-01-27,1.63511998842,1040,2.86580217872,16.7638765469
2016-01-24,1.7535303389,891,2.95860879442,15.003030508
2016-01-25,1.64917574863,1166,3.32052874387,18.5284264325
2016-04-03,1.71530599487,904,3.12587149153,15.6028506387
2016-04-02,1.72275453214,949,2.79319440121,14.9603969511
2016-01-28,1.64254188183,1019,2.8981984628,16.5250411968
2016-04-01,1.6672168168,1028,2.94615286926,16.4825224713
2016-01-29,1.6546031793,981,2.8145082539,15.9683369938
2016-04-07,1.62948903875,1013,2.91521157592,16.4867845336
2016-04-06,1.62406084046,976,2.86823260818,16.1811405291
2016-04-05,1.63466387092,1000,2.86538599228,16.2811417649
2016-04-04,1.62485707752,944,2.93842932279,16.0145035009
2016-02-09,1.62717124513,874,2.73587358729,15.2460219655
2016-02-08,1.62827698911,838,2.90643559435,15.3576955477
2016-04-09,1.72472232583,918,2.74455345437,14.69194411
2015-12-30,1.73672156352,1050,3.07205775494,16.4352153928
2016-04-08,1.6509083493,1009,2.90370201879,16.2044287214
2015-12-31,1.74414405768,832,2.91944229835,14.6396531123
2016-01-04,1.65267421493,828,3.03410643113,15.3034605335
2016-01-05,1.64049827312,844,2.83537494366,15.0465699096
2016-01-06,1.64929463405,867,2.80194172222,15.067889213
2016-01-07,1.64481900598,883,2.81988695046,15.2684369831
2016-02-01,1.62146063124,900,2.97999785131,16.0187456131
2016-01-01,1.79754038179,914,3.29431229572,15.5590301265
2016-02-03,1.63038186791,935,2.72260161377,15.6229965419
2016-01-02,1.78123631133,901,3.08541966591,15.1298295904
2016-02-02,1.63097970338,897,2.77405211355,15.5424595835
2016-01-03,1.74265515169,868,3.42879089381,16.0059751041
2016-02-05,1.65165216785,872,2.75601018405,15.1909904039
2016-02-04,1.62893089873,934,2.84473959973,15.9786264105
2015-11-08,1.72470105394,938,3.28829834113,16.2467563635
2016-02-07,1.7194450453,837,3.06945572383,15.0987055164
2015-11-09,1.63994286923,963,3.14982681148,16.7410275717
2016-02-06,1.71626942511,875,2.70629569072,14.3939541901
2015-10-16,1.66485144759,1057,3.0399112621,16.8619124048
2016-01-08,1.66602844639,895,2.7575472804,15.1109540481
2015-10-17,1.74030636615,954,2.8491563045,15.1546228408
2016-01-09,1.72560133748,840,2.71474904735,14.2650935581
2015-10-14,1.64372842646,1021,3.01350014274,16.7574610054
2015-10-15,1.64744064539,1078,3.05904236898,17.1679627757
2016-02-23,1.62800972174,942,2.72671034067,15.647492997
2015-12-14,1.63685659993,932,2.96205447385,16.0134492027
2015-10-12,1.67864426351,890,3.39615078983,16.5068522491
2015-11-02,1.63828596051,990,3.21831852597,17.0872780141
2016-02-22,1.62112732361,872,3.04798905951,15.9421536784
2015-11-03,1.64087383632,983,2.9717554957,16.2760869031
2015-10-13,1.6442841019,994,3.05426940234,16.6385694937
2015-12-15,1.63533002122,987,2.93673377381,16.3690191328
2016-02-21,1.71122257775,891,3.20459176182,15.7297719926
2015-12-16,1.64221614722,1001,2.91001181039,16.4677564664
2015-10-10,1.74850227428,960,2.99438330466,15.6138629304
2015-12-17,1.64753113646,1089,2.96765724186,17.0825341703
2016-02-20,1.71621410755,918,2.83942852959,14.982765984
2015-11-01,1.75541169171,2086,3.41116537564,16.6722094152
2015-10-11,1.74147593133,975,3.35910020047,16.6319215276
2015-12-10,1.64438161301,1125,3.05412696977,17.5976354269
2016-02-27,1.71790415507,901,2.74613608467,14.5850623598
2015-11-06,1.66291514038,1041,3.02494111061,16.8028744934
2015-11-07,1.74003200059,966,2.81895503825,15.1687037693
2016-02-26,1.64350223561,946,2.82387709764,15.741981016
2015-12-11,1.66886617522,1111,3.03340154594,17.3583692454
2015-11-04,1.6396538891,1011,2.95664798767,16.6542637833
2015-12-12,1.73225277981,1070,2.82678510928,15.9810674939
2016-02-25,1.62557617594,955,2.99866935692,16.4925076064
2015-12-13,1.72733472802,993,3.25109622,16.61256519
2015-11-05,1.64451304339,1059,3.01961867505,17.1508353557
2016-02-24,1.62807321013,937,2.71498604734,15.5986962085
2016-02-29,1.61485457825,878,3.06795778883,16.0746881096
2015-10-18,1.72010258061,943,3.27513699977,16.2222961351
2016-02-28,1.70600390375,900,3.26681690621,15.9316081616
2015-10-19,1.64812295822,943,3.14837022935,16.5225389401
2015-12-18,1.66483934724,1044,2.95650848446,16.5408296609
2015-12-19,1.73829857192,946,2.83023585031,15.0935411983
2015-11-28,1.7676679281,915,3.02737890255,15.0349202933
2015-11-29,1.7192815737,920,3.44025967696,16.4054771575
2015-11-24,1.63685715985,1023,2.83481845562,16.2093862367
2015-11-25,1.68835411599,997,2.90220146172,16.2743239417
2015-11-26,1.7571542214,866,3.24101529124,15.2475876626
2015-11-27,1.75662058735,848,2.79997876677,14.278046247
2015-11-20,1.65677083082,1066,3.10649805871,17.139214248
2015-11-21,1.7311221119,943,2.8396481478,15.055097937
2015-11-22,1.71551144558,895,3.11798140839,15.4768936445
2015-11-23,1.64449838549,930,2.80114948436,15.4681144903
2016-05-26,1.6358341234,1099,3.05117184267,17.3548951355
2016-05-27,1.65361208883,1001,3.05344655916,16.5201603978
2016-05-24,1.63298243693,999,2.90458041642,16.4217121737
2016-05-25,1.63686233799,1055,2.96329064029,16.8511459143
2016-05-08,1.71284219715,924,3.27142029381,16.0063853614
2016-05-22,1.71089194085,968,3.38809264891,16.5886740689
2016-05-09,1.62829168988,976,3.2037741308,16.8999273779
2016-05-23,1.63134415851,955,3.14196183833,16.6571209039
2016-05-20,1.65871609248,1073,3.08842816583,17.1701728592
2016-05-21,1.72101796267,994,2.9823758847,15.8155216883
2016-05-01,1.71442697755,893,3.22581271689,15.7798634544
2016-05-02,1.62473961001,945,3.14619326913,16.5832129563
2016-05-28,1.73919896362,905,3.00980941071,14.9967282738
2016-03-08,1.62725951345,925,2.87248505497,15.8986762584
2016-05-03,1.63104273348,1008,2.86660730614,16.3071304255
2016-05-29,1.7512267866,910,3.21661652596,15.4897892452
2016-03-09,1.63133279308,964,2.95192877081,16.2749658367
2016-03-06,1.71119542172,896,3.19002874708,15.8120683819
2016-05-04,1.62890134131,1035,2.8967126929,16.5118815626
2016-03-07,1.61670241185,911,3.06267658754,16.2286199531
2016-05-05,1.64108946505,1070,2.98964777992,16.9243430645
2016-03-04,1.64658273804,957,2.82689850499,15.7736589839
2016-05-06,1.64911315569,1059,2.95941656391,16.7067946097
2016-03-05,1.72427711212,913,2.75515443591,14.719196965
2016-05-07,1.71491051066,918,2.84236471013,14.938048785
2016-03-02,1.62473711619,920,2.78507701244,15.6346190939
2016-03-03,1.63263881918,940,2.84292377074,15.9758253151
2016-03-01,1.62024724448,898,2.85004395154,15.6612421027
2016-03-20,1.71112004541,891,3.21930246797,15.7501611589
2016-03-21,1.63268436543,898,3.10834097814,16.0824185873
2016-03-22,1.64492798073,972,2.96234036146,16.235552092
2016-03-23,1.64360384814,979,2.96872271988,16.3038755473
2016-03-24,1.66012677105,1038,2.97720910706,16.4712917464
2016-03-25,1.69918991303,939,3.01203362664,15.8793100373
2016-03-26,1.74998927144,915,2.83064565721,14.6879041195
2016-03-27,1.73396493713,908,3.31227271117,15.8356952954
2016-03-28,1.64450656942,921,3.09113468051,16.0430931835
2016-03-29,1.64914439614,927,2.92030926416,15.8519687929
2015-10-30,1.67497462582,1097,3.00129606069,17.056174622
2015-10-31,1.74753164337,949,2.80949125103,15.0708056003
2016-06-09,1.63484902245,1109,3.07262754554,17.5262732799
2016-06-08,1.63276649136,1141,2.93811764863,17.4545686217
2016-06-05,1.71001305637,980,3.27639280948,16.5094919543
2016-06-04,1.72438728276,966,2.92153204703,15.3838741578
2016-06-07,1.63524269823,1034,2.93041020828,16.7156324867
2016-06-06,1.63719269174,994,3.25646615145,17.2660415125
2016-06-01,1.64183245813,1067,2.9532774253,16.9076829228
2016-06-03,1.65286858978,1039,2.95328501473,16.642401068
2016-06-02,1.6429159909,1060,2.96164416994,17.2001523387
2016-06-27,1.6490899388,967,3.14642779689,16.5791977495
2016-06-26,1.72031928061,1021,3.49147693385,17.2803188199
2016-06-25,1.72148468113,985,3.03377943138,15.665624615
2016-06-24,1.65752605233,1063,3.08494915468,16.9561578723
2016-06-23,1.6373398181,1029,2.98557702053,16.6902679145
2016-06-22,1.64142845464,1060,2.96004286454,16.8064480748
2016-06-21,1.63864587083,964,2.89377310997,16.1263781705
2016-06-20,1.63808170364,948,3.15746226009,16.6275711316
2016-06-29,1.63447455771,1016,3.01387962107,16.8377212584
2016-06-28,1.62197622455,973,2.92231194322,16.2480972924
2016-04-30,1.73456790123,924,2.90103712425,15.1791770839
2016-04-18,1.63240780301,961,3.16951679919,16.7295054726
2016-04-19,1.63608947447,1003,2.91033432779,16.4604854408
2016-04-14,1.64328028893,1047,2.9974026403,16.8857576146
2016-04-15,1.65274597386,1031,2.95422954419,16.5539701655
2016-02-18,1.63997102322,941,2.84702888467,15.8708749791
2016-04-16,1.73074887089,965,2.869736966,15.3356487098
2016-04-17,1.71623742054,949,3.32158463038,16.3881156858
2016-02-19,1.65973226987,940,2.86143723175,15.7719282649
2016-01-31,1.70681551614,905,3.14107106621,15.6803388963
2016-04-10,1.70787617043,936,3.24281914366,16.0592607669
2016-01-30,1.72833534014,921,2.69785593743,14.9703611539
2016-04-11,1.62524491312,933,3.06496320924,16.3239339574
2016-04-12,1.63055267045,976,2.8087971106,15.9861785936
2016-04-13,1.62674324275,1005,2.90105385128,16.4035013408
2016-02-12,1.65807654633,998,2.90909197125,16.4234608712
2016-02-13,1.72776218674,879,2.62197519767,14.2360449159
2016-02-10,1.62660664712,888,2.79469864826,15.4955097424
2016-01-19,1.63606889618,954,2.83063747054,15.77674315
2016-01-18,1.68534134503,786,3.0154833053,14.9110520441
2016-02-11,1.64245241866,940,2.77999144152,15.8058295085
2016-02-16,1.63646956668,950,3.0279760791,16.2995014145
2016-02-17,1.63340908252,928,2.89687545146,15.941600329
2016-02-14,1.73263108423,858,2.77678723589,14.4690444542
2016-02-15,1.68463798421,819,2.98915258049,14.8907004346
2016-01-13,1.63454184905,866,2.70844183948,15.0940820046
2016-01-12,1.64089617474,856,2.75708743209,15.1259985486
2016-01-11,1.62811126943,863,2.91012540465,15.5056992792
2016-01-10,1.71193146652,817,3.09654544508,15.0993333777
2015-12-21,1.65908535742,925,2.88254842061,15.4132979578
2016-01-17,1.73337042981,861,2.97803240834,14.9413611449
2015-12-20,1.74169435437,917,3.0191056052,15.2362791718
2016-01-16,1.7317377114,876,2.83401367323,14.7081762684
2015-12-23,1.68447846326,1006,2.90792049454,15.8686552048
2016-01-15,1.65700265919,949,2.96651704599,16.0042059132
2015-12-22,1.67007986129,984,2.8441849096,15.7351254471
2016-01-14,1.63791787238,908,2.86941158721,15.7305377085
2015-12-25,1.78819936213,887,3.37524428347,15.5867469593
2015-12-24,1.72334912289,834,2.90910002948,14.6573820753
2015-12-09,1.63755053886,1092,2.99181094223,17.3332018605
2015-12-27,1.7800213104,991,3.44617808214,16.4649268356
2015-12-08,1.63697863071,1066,2.93999214187,16.959765459
2015-12-26,1.79277459363,947,3.11368936476,15.2845264066
2015-12-29,1.72907821832,944,3.01024488608,15.5247752949
2015-12-28,1.74168910715,958,3.09041997056,15.781601301
2015-12-03,1.6423891359,1059,3.01743375773,17.1093355182
2015-11-19,1.63751098248,1126,2.95381810429,17.3058455992
2015-12-02,1.63089986944,1042,2.96759048929,16.860384791
2015-11-18,1.6248384609,1025,2.94438912164,16.8564862379
2015-12-01,1.63474518057,1066,2.93032375807,16.7419363333
2015-10-05,1.64688876856,880,3.12796661074,16.1810072406
2015-12-07,1.63917191858,974,3.07736665276,16.5982595687
2015-10-04,1.72480750197,905,3.27980151874,16.0147107077
2015-12-06,1.7171847273,921,3.21985058652,16.0232355509
2015-10-07,1.6444888516,1022,3.03143022026,16.8557140289
2015-12-05,1.73427855113,981,2.79862837826,15.2561743569
2015-10-06,1.64553782345,942,2.97102274088,16.18931859
2015-12-04,1.66069566619,1054,3.00224006123,16.8105963733
2015-11-11,1.63878748013,1021,3.02584161048,16.8229814723
2015-10-01,1.6540877084,1101,3.06267557212,17.3817671896
2015-11-10,1.63005891203,1065,2.85550637066,16.6970113151
2015-11-13,1.66046597183,1049,2.96739026156,16.6079122761
2015-10-03,1.7370752703,887,2.78704747386,14.6036282145
2015-11-12,1.63555999037,1056,2.98630117032,16.9465880852
2015-10-02,1.66739719821,1057,2.91325663573,16.4958346897
2015-11-15,1.72046387757,949,3.32353226572,16.4352286265
2015-11-14,1.73402359487,986,2.80710021527,15.2502678843
2015-11-17,1.62166417528,1006,2.91855157966,16.4620519819
2015-11-16,1.62372933099,962,3.20417187459,16.8829826781
2015-10-09,1.66770238282,1101,3.0989297825,17.2548155479
2015-10-08,1.65458741518,1063,3.0726055028,17.101228003
2015-11-30,1.63131138888,967,3.24667645645,16.8965839253
2016-05-31,1.63704967812,994,3.11258286162,16.6783729535
2016-05-30,1.7194856138,852,3.65955295347,16.6686172167
2016-05-19,1.65242521167,1113,3.12650225149,17.7143872311
2016-05-18,1.64809501015,1137,3.11439068939,17.929619002
2016-05-17,1.64940391304,1067,3.11000038474,17.3952211216
2016-03-19,1.72165165554,934,2.85318917718,14.9583016218
2016-05-16,1.64485291742,1004,3.1543696076,16.9219750051
2016-03-18,1.66231090678,1001,2.98234663836,16.3607487963
2016-05-15,1.7157678318,960,3.30107390531,16.2892609719
2016-05-14,1.72088374982,1005,2.97460183624,15.7024981904
2016-03-15,1.62783301361,955,2.91216836802,16.0623256351
2016-05-13,1.65073049345,1119,3.05072656841,17.3851673785
2016-03-14,1.62851055691,936,2.90763672975,15.8502256692
2016-05-12,1.63614337633,1102,3.06868063544,17.5449608575
2016-03-17,1.65305997458,1047,3.06588098993,16.8819060597
2016-05-11,1.63157041443,1030,2.9634351005,16.8882788085
2016-03-16,1.63956638872,987,2.96488711561,16.5206273688
2016-05-10,1.62980544916,994,2.91033048144,16.4443671401
2016-03-11,1.65132022102,980,2.9710917263,16.3140705956
2016-03-10,1.63603770514,975,3.01504427726,16.6093812951
2016-03-13,1.70580036722,945,3.30526926501,16.0809619707
2016-03-12,1.72956888094,922,2.88134846194,15.1225250303
2016-03-31,1.65360229206,1005,2.98756106391,16.5415396689
2016-03-30,1.64726334144,977,2.90759790438,16.1343906317
2015-10-29,1.64481231798,1105,3.07781081006,17.4354965661
2015-10-28,1.64722720839,1056,2.84710195238,16.6208204901
2015-10-27,1.64385281929,978,2.90968225383,16.2803312661
2015-10-26,1.64852171477,962,3.14745791539,16.5984098893
2015-10-25,1.71835197175,917,3.30457599895,16.1375309921
2015-10-24,1.74370120466,982,2.89637218867,15.9629931005
2015-10-23,1.66892780871,1058,3.03745290214,16.8651390054
2015-10-22,1.64800548532,1055,3.05142096594,17.0700704297
2015-10-21,1.64656926062,1077,3.00918873904,17.0909841706
2015-10-20,1.64733874429,1007,2.97613428956,16.5643908087
2016-06-18,1.71253357674,971,3.00015462486,15.5756598363
2016-06-19,1.70683403326,913,3.40866452062,16.2257640341
2016-06-16,1.63452176842,1068,2.97221523993,16.9261209509
2016-06-17,1.65177141897,1048,3.06651708426,16.9699118096
2016-06-14,1.64137391831,1026,2.96583352015,16.6498744283
2016-06-15,1.63882812313,1060,2.97340284995,16.9160150658
