2016-06-12,1.71937446237,934,3.41656319428,13.473087246,0.206802474178,0.497668467532,1.76007218932,0.384645396654,0.299785567087,16.6253593685
2016-06-13,1.63509640243,931,3.18246647359,13.2068571104,0.39705846312,0.49818283436,1.87140531461,0.403913122745,0.299817087933,16.6809966317
2016-06-10,1.65271690275,1044,3.04394061362,13.9088639238,0.395813547185,0.497736125995,1.86848006826,0.354073881268,0.299763074095,17.3273529307
2016-06-11,1.72030252039,938,2.92327346279,12.4650781896,0.211170468298,0.498204408649,1.57788739752,0.229373590631,0.299777126162,15.284535942
2016-06-30,1.63715960779,1089,3.05445532979,13.7405624348,0.385676915768,0.497671693079,1.94281817587,0.348109904052,0.299784094692,17.2190295071
2016-04-29,1.65592743427,984,2.94369156624,12.8783986658,0.414714789138,0.497991903944,1.79820461519,0.313488626095,0.299782537891,16.202563653
2016-04-28,1.63759804506,984,2.99001121603,13.0521179763,0.404066773413,0.498060033648,1.89460582777,0.347455890824,0.299830237085,16.4960912152
2016-04-21,1.64917662598,1119,3.05202304489,13.9200255906,0.372246596792,0.497775132613,2.00356679129,0.359251587099,0.299813862083,17.4526774302
2016-04-20,1.62724649799,1013,2.92710321761,13.1254827455,0.393184736717,0.498269641696,1.91384655683,0.329770575909,0.299825802856,16.5603759303
2016-04-23,1.72723800219,948,2.86339428491,12.3916420808,0.217422260102,0.49816027918,1.57790510886,0.220584553101,0.299761459928,15.2054728836
2016-04-22,1.65614106818,1081,3.04231552683,13.696078769,0.390637092251,0.497592688693,1.9027735581,0.345142918547,0.299811294051,17.1319714792
2016-01-22,1.6487016967,928,2.7631477653,12.1602301339,0.376498472584,0.498170992723,1.75620943106,0.273562380823,0.299814667083,15.3644841324
2016-04-25,1.63376827504,904,3.14740863625,12.9625368406,0.394438209634,0.497935887125,1.84378338129,0.39592959999,0.299814688534,16.3944361608
2016-01-23,1.69342281175,1005,2.79737423651,11.84137442,0.361823996645,0.497752116811,1.67604713346,0.104330353632,0.299614648596,14.7809426692
2016-04-24,1.71711067447,916,3.30232458646,12.9491908758,0.209114335816,0.497809472674,1.72792819526,0.354391021979,0.299810649334,16.0382445508
2016-01-20,1.63631983425,936,2.86717043961,12.5353920836,0.364263011235,0.49809947508,1.8844719619,0.325910578964,0.299794422094,15.9079186843
2016-04-27,1.63398540178,986,2.91915210284,13.0536745107,0.390315697434,0.49817250668,1.89316634262,0.332997224817,0.299824039277,16.4681394597
2016-01-21,1.63305476898,963,2.84487211364,12.6739925256,0.370197246075,0.498158252181,1.89016312258,0.316729439572,0.299827336143,16.0490298082
2016-04-26,1.63246273767,919,2.85186481482,12.4642461259,0.395268436707,0.498269033781,1.80872428885,0.305918096814,0.299847171021,15.772273153
2016-01-26,1.64105769171,1158,3.06187191781,14.3571524785,0.368581431938,0.498240082586,2.08498790445,0.365172571407,0.299804108132,17.973933602
2016-01-27,1.63511998842,1040,2.86580217872,13.3203954212,0.374552125513,0.498544305055,1.97079765273,0.299743394749,0.299846768953,16.7638765469
2016-01-24,1.7535303389,891,2.95860879442,12.1744026341,0.14913568115,0.498184579454,1.62586805179,0.255681277239,0.299839196493,15.003030508
2016-01-25,1.64917574863,1166,3.32052874387,14.8490822153,0.379438293315,0.497731318657,2.08653412791,0.415853957709,0.299789414267,18.5284264325
2016-04-03,1.71530599487,904,3.12587149153,12.593677825,0.198385504574,0.498003531912,1.69037168427,0.322582437332,0.299829655561,15.6028506387
2016-04-02,1.72275453214,949,2.79319440121,12.1470285662,0.212418421535,0.498519044131,1.59767755448,0.204954793078,0.299802234024,14.9603969511
2016-01-28,1.64254188183,1019,2.8981984628,13.0845284254,0.374778851705,0.498305305697,1.94971248726,0.317880541344,0.299835585388,16.5250411968
2016-04-01,1.6672168168,1028,2.94615286926,13.1345988022,0.405366409875,0.498165479891,1.83245462497,0.3121407429,0.299798388094,16.4825224713
2016-01-29,1.6546031793,981,2.8145082539,12.6602895089,0.385378925132,0.498374362501,1.8403550274,0.2841750167,0.29979738074,15.9683369938
2016-04-07,1.62948903875,1013,2.91521157592,13.0660828792,0.383021265799,0.498184111222,1.91482217971,0.324856432848,0.299827614943,16.4867845336
2016-04-06,1.62406084046,976,2.86823260818,12.7960119468,0.389447709177,0.498309704032,1.88059145062,0.316920933411,0.299806495531,16.1811405291
2016-04-05,1.63466387092,1000,2.86538599228,12.915785307,0.388745748843,0.498525839364,1.87180018922,0.306477996267,0.299812821234,16.2811417649
2016-04-04,1.62485707752,944,2.93842932279,12.6604631777,0.390296652619,0.498499586205,1.81907881698,0.346343144621,0.299841560223,16.0145035009
2016-02-09,1.62717124513,874,2.73587358729,11.9932437147,0.388047980253,0.498670142693,1.79207216452,0.274171120325,0.299834426525,15.2460219655
2016-02-08,1.62827698911,838,2.90643559435,12.0773345915,0.390888906088,0.498374714608,1.76718054658,0.324101047505,0.299820504196,15.3576955477
2016-04-09,1.72472232583,918,2.74455345437,11.9325917224,0.203113658241,0.498672211588,1.56831867815,0.189437459937,0.299815740045,14.69194411
2015-12-30,1.73672156352,1050,3.07205775494,13.3583377512,0.390753340542,0.498397113848,1.56924331014,0.318696638245,0.299792342511,16.4352153928
2016-04-08,1.6509083493,1009,2.90370201879,12.872273944,0.395394266936,0.498271135141,1.82790584871,0.310771013472,0.299819929224,16.2044287214
2015-12-31,1.74414405768,832,2.91944229835,11.7959684724,0.408089958071,0.498635362993,1.40924480088,0.227944076876,0.299789456005,14.6396531123
2016-01-04,1.65267421493,828,3.03410643113,12.1491740838,0.374234872449,0.498421243488,1.63496812441,0.346813412032,0.299851387535,15.3034605335
2016-01-05,1.64049827312,844,2.83537494366,11.9581303415,0.356488565569,0.498568643898,1.65254258993,0.281035113747,0.29982358051,15.0465699096
2016-01-06,1.64929463405,867,2.80194172222,11.953949081,0.365407903385,0.498623890897,1.67386126238,0.276196716117,0.299850359138,15.067889213
2016-01-07,1.64481900598,883,2.81988695046,12.0909227854,0.371086132049,0.498597726694,1.72895151381,0.279025490026,0.299855574246,15.2684369831
2016-02-01,1.62146063124,900,2.97999785131,12.6258874684,0.392689383087,0.498460106002,1.85442647901,0.347471500024,0.299827209569,16.0187456131
2016-01-01,1.79754038179,914,3.29431229572,12.7849417365,0.270131744114,0.497594559708,1.44175341054,0.264851440008,0.299761972432,15.5590301265
2016-02-03,1.63038186791,935,2.72260161377,12.3179308438,0.364775991085,0.498418808918,1.86366866449,0.27845845506,0.299812721265,15.6229965419
2016-01-02,1.78123631133,901,3.08541966591,12.382485535,0.19771501422,0.498058252427,1.45857628061,0.293161223889,0.2998332843,15.1298295904
2016-02-02,1.63097970338,897,2.77405211355,12.2269711347,0.387173399474,0.498501742356,1.83966075968,0.29033239435,0.29982239755,15.5424595835
2016-01-03,1.74265515169,868,3.42879089381,12.9817348765,0.199399852799,0.497788611518,1.65146410798,0.37577503258,0.299812622809,16.0059751041
2016-02-05,1.65165216785,872,2.75601018405,11.9619104561,0.415466478331,0.498182665192,1.74837521051,0.267290016243,0.299767570476,15.1909904039
2016-02-04,1.62893089873,934,2.84473959973,12.5742913676,0.388489038629,0.498348958038,1.90073489426,0.316939380962,0.299822770965,15.9786264105
2015-11-08,1.72470105394,938,3.28829834113,13.145039477,0.191746689821,0.497633723932,1.73501118603,0.377494511282,0.299834947356,16.2467563635
2016-02-07,1.7194450453,837,3.06945572383,12.1424777188,0.216364756489,0.498305126513,1.67724954069,0.264545491883,0.299765072464,15.0987055164
2015-11-09,1.63994286923,963,3.14982681148,13.2926107778,0.366291830473,0.498148754393,1.87780147926,0.406332621613,0.299851378875,16.7410275717
2016-02-06,1.71626942511,875,2.70629569072,11.6529621747,0.213639336448,0.498639050434,1.55719923253,0.171750119172,0.299766183621,14.3939541901
2015-10-16,1.66485144759,1057,3.0399112621,13.5163699254,0.37303349423,0.498115238357,1.82786995856,0.346689505078,0.299839973068,16.8619124048
2016-01-08,1.66602844639,895,2.7575472804,11.9899893456,0.380419714494,0.498493018652,1.68839650412,0.25384458685,0.2998108784,15.1109540481
2015-10-17,1.74030636615,954,2.8491563045,12.4008873954,0.200225897826,0.498459504793,1.53513924219,0.220104973174,0.299809382047,15.1546228408
2016-01-09,1.72560133748,840,2.71474904735,11.5349121904,0.215972005362,0.498665786395,1.53702506765,0.17868719908,0.299831309212,14.2650935581
2015-10-14,1.64372842646,1021,3.01350014274,13.3751340998,0.366739819885,0.498276712258,1.87192468402,0.345559056344,0.299828709351,16.7574610054
2015-10-15,1.64744064539,1078,3.05904236898,13.7315073868,0.363114715538,0.498269658085,1.91433058414,0.360911588662,0.299834848061,17.1679627757
2016-02-23,1.62800972174,942,2.72671034067,12.3501304556,0.37566553727,0.498550673519,1.8373828294,0.285972662767,0.299815400302,15.647492997
2015-12-14,1.63685659993,932,2.96205447385,12.677623475,0.379124039547,0.498150698136,1.80517465782,0.353541406185,0.299854589519,16.0134492027
2015-10-12,1.67864426351,890,3.39615078983,13.3605508184,0.153000679793,0.497836458621,1.75517564417,0.440445714357,0.299845416986,16.5068522491
2015-11-02,1.63828596051,990,3.21831852597,13.6342430069,0.358360910895,0.497723935174,1.85810792035,0.439005038706,0.299855785719,17.0872780141
2016-02-22,1.62112732361,872,3.04798905951,12.5481407038,0.395043856039,0.498380383535,1.84155618394,0.359197452117,0.299842153532,15.9421536784
2015-11-03,1.64087383632,983,2.9717554957,13.1697244605,0.151553772394,0.498281719733,1.80604829066,0.350624224678,0.29985667028,16.2760869031
2015-10-13,1.6442841019,994,3.05426940234,13.2899859991,0.362893770827,0.49830565409,1.83309894658,0.354490245082,0.299860528862,16.6385694937
2015-12-15,1.63533002122,987,2.93673377381,12.9805547192,0.367342362014,0.498194092654,1.88666153751,0.336429030153,0.299843556533,16.3690191328
2016-02-21,1.71122257775,891,3.20459176182,12.6819125447,0.207484138377,0.498126191676,1.73007388393,0.312350287098,0.299824946854,15.7297719926
2015-12-16,1.64221614722,1001,2.91001181039,13.0617668634,0.363876203657,0.497998591556,1.91254018711,0.331765347392,0.29981514175,16.4677564664
2015-10-10,1.74850227428,960,2.99438330466,12.7993243148,0.203490702552,0.498119299569,1.55210103462,0.260991704179,0.299827484623,15.6138629304
2015-12-17,1.64753113646,1089,2.96765724186,13.6174912214,0.349711919215,0.497879967152,1.97893381842,0.338733974867,0.299828204235,17.0825341703
2016-02-20,1.71621410755,918,2.83942852959,12.1579154113,0.21787560886,0.49852481173,1.61966751249,0.189001433177,0.299798346925,14.982765984
2015-11-01,1.75541169171,2086,3.41116537564,13.5642553214,0.225885334178,0.497544483334,1.72408492737,0.36064406265,0.299797380609,16.6722094152
2015-10-11,1.74147593133,975,3.35910020047,13.5799316024,0.207528296643,0.497722777887,1.68213241345,0.364805019602,0.299805734607,16.6319215276
2015-12-10,1.64438161301,1125,3.05412696977,14.0173152127,0.367698409108,0.497815979291,2.03460026641,0.380395561587,0.299816029556,17.5976354269
2016-02-27,1.71790415507,901,2.74613608467,11.8241540304,0.212263444765,0.498626344941,1.56763608351,0.182611940125,0.299796736178,14.5850623598
2015-11-06,1.66291514038,1041,3.02494111061,13.4390330165,0.375962371153,0.498035316596,1.83161137141,0.358397926276,0.299836438647,16.8028744934
2015-11-07,1.74003200059,966,2.81895503825,12.3902525564,0.202604875492,0.498473535145,1.56017188822,0.217371032111,0.299831721044,15.1687037693
2016-02-26,1.64350223561,946,2.82387709764,12.4643592502,0.397746571755,0.498284708061,1.79355365929,0.288250565918,0.299837240193,15.741981016
2015-12-11,1.66886617522,1111,3.03340154594,13.8869036568,0.379626711977,0.49790469963,1.94246856453,0.351648557512,0.299817054982,17.3583692454
2015-11-04,1.6396538891,1011,2.95664798767,13.2580444734,0.367126295922,0.498284066139,1.88687907385,0.344089637939,0.299844489341,16.6542637833
2015-12-12,1.73225277981,1070,2.82678510928,13.0989708483,0.201522070015,0.498337341838,1.66417523557,0.218259053993,0.299804803235,15.9810674939
2016-02-25,1.62557617594,955,2.99866935692,12.980016112,0.392769216746,0.49805621457,1.95895200648,0.362894244769,0.29983740198,16.4925076064
2015-12-13,1.72733472802,993,3.25109622,13.4935547244,0.199543325115,0.497569966739,1.76246058831,0.359631715548,0.299809200075,16.61256519
2015-11-05,1.64451304339,1059,3.01961867505,13.6857066735,0.362134185969,0.498136277785,1.93682754699,0.368215990211,0.299818743083,17.1508353557
2016-02-24,1.62807321013,937,2.71498604734,12.3080534449,0.372425473462,0.498280401409,1.8524288567,0.267700596518,0.29981150554,15.5986962085
2016-02-29,1.61485457825,878,3.06795778883,12.6857349995,0.393386720641,0.498461154867,1.83937633652,0.357894750737,0.299864478374,16.0746881096
2015-10-18,1.72010258061,943,3.27513699977,13.1803235529,0.191948418506,0.497604068486,1.68478785278,0.36786733998,0.299783140101,16.2222961351
2016-02-28,1.70600390375,900,3.26681690621,12.8580424275,0.205583705884,0.498191931687,1.74156180801,0.328425151557,0.299803136964,15.9316081616
2015-10-19,1.64812295822,943,3.14837022935,13.1551977389,0.366860846927,0.49822999476,1.8066329483,0.395792376992,0.299862859437,16.5225389401
2015-12-18,1.66483934724,1044,2.95650848446,13.1901832439,0.376758589069,0.497719745733,1.85094286121,0.325406617523,0.299820384071,16.5408296609
2015-12-19,1.73829857192,946,2.83023585031,12.2750946423,0.205742564139,0.498033840166,1.58108847497,0.233792955594,0.299789387625,15.0935411983
2015-11-28,1.7676679281,915,3.02737890255,12.3303788139,0.185851762062,0.498382805109,1.44051144158,0.280014664144,0.29980043756,15.0349202933
2015-11-29,1.7192815737,920,3.44025967696,13.3199877074,0.181125583591,0.497791320395,1.70165910004,0.40512723282,0.299810553228,16.4054771575
2015-11-24,1.63685715985,1023,2.83481845562,12.9899417111,0.34907362348,0.49804397078,1.76286726578,0.309701066827,0.29981588723,16.2093862367
2015-11-25,1.68835411599,997,2.90220146172,13.1537354384,0.352048226401,0.497848610344,1.64785459165,0.323015089976,0.29981799746,16.2743239417
2015-11-26,1.7571542214,866,3.24101529124,12.557246777,0.198120435882,0.49771662591,1.41478414223,0.279906981443,0.299819434565,15.2475876626
2015-11-27,1.75662058735,848,2.79997876677,11.5730176339,0.412551723628,0.498718238012,1.27046476357,0.223440374948,0.299853512917,14.278046247
2015-11-20,1.65677083082,1066,3.10649805871,13.6723082762,0.371223062455,0.497908457072,1.91707856069,0.380900996514,0.299812156407,17.139214248
2015-11-21,1.7311221119,943,2.8396481478,12.268151386,0.203358519359,0.498363055636,1.57033003154,0.215087329134,0.299809476398,15.055097937
2015-11-22,1.71551144558,895,3.11798140839,12.5531269044,0.194699628059,0.497976284714,1.62129913575,0.309969257962,0.299826771056,15.4768936445
2015-11-23,1.64449838549,930,2.80114948436,12.3550026815,0.367500083798,0.498520966246,1.65724212579,0.289998351974,0.299852515615,15.4681144903
2016-05-26,1.6358341234,1099,3.05117184267,13.8499932168,0.392290048347,0.497754212652,1.94940857878,0.365692069162,0.299802789753,17.3548951355
2016-05-27,1.65361208883,1001,3.05344655916,13.2271772381,0.386697941129,0.497693461927,1.75002998221,0.35884257529,0.299765720438,16.5201603978
2016-05-24,1.63298243693,999,2.90458041642,13.0418253001,0.382906818524,0.498269154426,1.87506886969,0.323864888913,0.29978809325,16.4217121737
2016-05-25,1.63686233799,1055,2.96329064029,13.4056687069,0.38809472744,0.498076573455,1.92085552959,0.338652731924,0.299803968582,16.8511459143
2016-05-08,1.71284219715,924,3.27142029381,12.9629038233,0.195266978571,0.497667535089,1.69544165428,0.355358476669,0.299781484867,16.0063853614
2016-05-22,1.71089194085,968,3.38809264891,13.4426438385,0.196557029456,0.497610848101,1.7772746022,0.37481560931,0.29978741649,16.5886740689
2016-05-09,1.62829168988,976,3.2037741308,13.396618845,0.393799125619,0.498042995762,1.89773454156,0.413948569579,0.299826757002,16.8999273779
2016-05-23,1.63134415851,955,3.14196183833,13.2152929832,0.397367196201,0.497993727651,1.85040198722,0.396239814761,0.299854035993,16.6571209039
2016-05-20,1.65871609248,1073,3.08842816583,13.7180759086,0.403174371013,0.497682870171,1.89223104436,0.35922670567,0.29978392596,17.1701728592
2016-05-21,1.72101796267,994,2.9823758847,12.9201856766,0.206659503399,0.498034570554,1.64796890986,0.242882553549,0.299790474412,15.8155216883
2016-05-01,1.71442697755,893,3.22581271689,12.7519189415,0.193881168274,0.497734457043,1.69590301877,0.34068115548,0.299779309463,15.7798634544
2016-05-02,1.62473961001,945,3.14619326913,13.1470185204,0.394425434552,0.498134583205,1.85405807124,0.389784032829,0.29982839873,16.5832129563
2016-05-28,1.73919896362,905,3.00980941071,12.3300969757,0.196349531932,0.498030567079,1.42410885088,0.248360111658,0.299787171698,14.9967282738
2016-03-08,1.62725951345,925,2.87248505497,12.5361427073,0.394435422177,0.498453585714,1.85199430067,0.317820730694,0.299836069158,15.8986762584
2016-05-03,1.63104273348,1008,2.86660730614,12.9494496515,0.385702902747,0.498364220109,1.86235643745,0.311419775665,0.299841502073,16.3071304255
2016-05-29,1.7512267866,910,3.21661652596,12.7433709161,0.200527637677,0.497882556084,1.46866032855,0.279567707018,0.299804464889,15.4897892452
2016-03-09,1.63133279308,964,2.95192877081,12.839857335,0.39488704919,0.49830110329,1.905521507,0.336590156728,0.299856196273,16.2749658367
2016-03-06,1.71119542172,896,3.19002874708,12.7631754369,0.199636809021,0.498089727036,1.73110126307,0.320259627085,0.299805518803,15.8120683819
2016-05-04,1.62890134131,1035,2.8967126929,13.1026001364,0.381501402772,0.498140047317,1.89363136712,0.336174743117,0.299835864485,16.5118815626
2016-03-07,1.61670241185,911,3.06267658754,12.8150275477,0.390250401585,0.498244438528,1.85389591276,0.371382767994,0.299823566073,16.2286199531
2016-05-05,1.64108946505,1070,2.98964777992,13.4386773762,0.392093033294,0.498042022772,1.94607797857,0.34968022503,0.299851083423,16.9243430645
2016-03-04,1.64658273804,957,2.82689850499,12.4892942565,0.397295206475,0.498163571466,1.80073903904,0.28836042908,0.299815886871,15.7736589839
2016-05-06,1.64911315569,1059,2.95941656391,13.3147434574,0.396947036432,0.497861270464,1.86494877539,0.332473093967,0.299832165095,16.7067946097
2016-03-05,1.72427711212,913,2.75515443591,11.9422856832,0.209088523312,0.498556377209,1.57735318447,0.192106964064,0.299806232734,14.719196965
2016-05-07,1.71491051066,918,2.84236471013,12.1574534017,0.199697603919,0.498327060789,1.55991076875,0.222883086655,0.29978249444,14.938048785
2016-03-02,1.62473711619,920,2.78507701244,12.308741112,0.396968323753,0.498436467242,1.83663213291,0.294081058345,0.2998234923,15.6346190939
2016-03-03,1.63263881918,940,2.84292377074,12.597271415,0.393834979996,0.498236230409,1.87581601828,0.310872396767,0.299827924919,15.9758253151
2016-03-01,1.62024724448,898,2.85004395154,12.3513714958,0.395721494407,0.498565489703,1.81937663758,0.296397068074,0.299818669147,15.6612421027
2016-03-20,1.71112004541,891,3.21930246797,12.6915569325,0.200836460337,0.49784131639,1.72107928925,0.339028474127,0.299824992906,15.7501611589
2016-03-21,1.63268436543,898,3.10834097814,12.7030529479,0.395225605848,0.498240606679,1.80471974318,0.381363752344,0.299844235837,16.0824185873
2016-03-22,1.64492798073,972,2.96234036146,12.8730855922,0.384967127092,0.498414906846,1.84821945385,0.331036207598,0.299831034926,16.235552092
2016-03-23,1.64360384814,979,2.96872271988,12.9314984598,0.393053102901,0.49828217712,1.85898146194,0.322240516576,0.299838904013,16.3038755473
2016-03-24,1.66012677105,1038,2.97720910706,13.0844056824,0.397257404377,0.49812149268,1.86082240775,0.33087784815,0.299824806322,16.4712917464
2016-03-25,1.69918991303,939,3.01203362664,12.641660742,0.416274874053,0.498246807687,1.70366931939,0.319652980045,0.299807352705,15.8793100373
2016-03-26,1.74998927144,915,2.83064565721,12.0038323164,0.217224686284,0.498681018531,1.47946261287,0.188881705664,0.299825818716,14.6879041195
2016-03-27,1.73396493713,908,3.31227271117,12.8667528481,0.202771442064,0.498088955788,1.63330057258,0.334982173425,0.299801664601,15.8356952954
2016-03-28,1.64450656942,921,3.09113468051,12.7329676169,0.38240204973,0.498315533149,1.75372802066,0.375884758826,0.299802296786,16.0430931835
2016-03-29,1.64914439614,927,2.92030926416,12.5448942808,0.399182905734,0.498565672757,1.78777262338,0.321732877803,0.299839700775,15.8519687929
2015-10-30,1.67497462582,1097,3.00129606069,13.7148189737,0.375864771108,0.498008186449,1.82918907457,0.33848707942,0.299808442812,17.056174622
2015-10-31,1.74753164337,949,2.80949125103,12.3407602515,0.21043396292,0.498367398932,1.52113188887,0.20032425046,0.299791553276,15.0708056003
2016-06-09,1.63484902245,1109,3.07262754554,13.9552391374,0.381091741622,0.497868521718,2.01181201553,0.376976279211,0.299831553649,17.5262732799
2016-06-08,1.63276649136,1141,2.93811764863,13.941749673,0.36004031074,0.497961771537,2.00524480098,0.34304906698,0.299821404736,17.4545686217
2016-06-05,1.71001305637,980,3.27639280948,13.3908552645,0.19585862225,0.49770000317,1.77263378459,0.352688114089,0.29975616575,16.5094919543
2016-06-04,1.72438728276,966,2.92153204703,12.5552491983,0.203450660966,0.49831916921,1.59696279922,0.230116521478,0.299775808613,15.3838741578
2016-06-07,1.63524269823,1034,2.93041020828,13.2930772518,0.384477969595,0.498269049248,1.90664238828,0.329795855996,0.299844214433,16.7156324867
2016-06-06,1.63719269174,994,3.25646615145,13.7069569018,0.39788237647,0.497880090853,1.93849692156,0.425030184421,0.299820007715,17.2660415125
2016-06-01,1.64183245813,1067,2.9532774253,13.5238142528,0.383341339915,0.498303432891,1.86987073511,0.332580217669,0.299797074561,16.9076829228
2016-06-03,1.65286858978,1039,2.95328501473,13.3056807628,0.388385143676,0.49807215364,1.8252060465,0.325244679423,0.299812281978,16.642401068
2016-06-02,1.6429159909,1060,2.96164416994,13.7871162386,0.390240684799,0.498225305843,1.89070156121,0.334077729013,0.299807244898,17.2001523387
2016-06-27,1.6490899388,967,3.14642779689,13.1754448967,0.400993232733,0.498166252228,1.81521411702,0.38414154489,0.29983564397,16.5791977495
2016-06-26,1.72031928061,1021,3.49147693385,14.0427378711,0.216610822249,0.497169901138,1.82204544128,0.398082872911,0.299747548426,17.2803188199
2016-06-25,1.72148468113,985,3.03377943138,12.7854658566,0.212502548994,0.498150832322,1.6151161791,0.251589366827,0.299788479332,15.665624615
2016-06-24,1.65752605233,1063,3.08494915468,13.5463562688,0.398615527501,0.49791292804,1.85515571052,0.354772088069,0.299773321161,16.9561578723
2016-06-23,1.6373398181,1029,2.98557702053,13.2505867372,0.39450857525,0.498060577882,1.90602686198,0.337515058274,0.299807233196,16.6902679145
2016-06-22,1.64142845464,1060,2.96004286454,13.3728840505,0.380833583127,0.498176962694,1.91273324795,0.338046161812,0.299827506336,16.8064480748
2016-06-21,1.63864587083,964,2.89377310997,12.8097496519,0.386610853907,0.498361895513,1.81727681175,0.311041912592,0.299839259254,16.1263781705
2016-06-20,1.63808170364,948,3.15746226009,13.189996273,0.396084503457,0.498187999588,1.84254428493,0.39716497688,0.299804558484,16.6275711316
2016-06-29,1.63447455771,1016,3.01387962107,13.3794668013,0.38223841951,0.497943971073,1.91971848658,0.354894689115,0.299828046402,16.8377212584
2016-06-28,1.62197622455,973,2.92231194322,12.9126776587,0.382763676724,0.498073721413,1.81949948886,0.330876274206,0.299807226101,16.2480972924
2016-04-30,1.73456790123,924,2.90103712425,12.3659985803,0.211452458476,0.498300531039,1.59213987732,0.211513605442,0.299773969418,15.1791770839
2016-04-18,1.63240780301,961,3.16951679919,13.25013222,0.40020763498,0.497885225829,1.88731319017,0.394145846297,0.299831391565,16.7295054726
2016-04-19,1.63608947447,1003,2.91033432779,13.056379524,0.392380090986,0.498099275079,1.88977088705,0.323978778838,0.299883364607,16.4604854408
2016-04-14,1.64328028893,1047,2.9974026403,13.3799551321,0.393310537799,0.498153512394,1.95929054446,0.355253442134,0.299833594242,16.8857576146
2016-04-15,1.65274597386,1031,2.95422954419,13.1689895071,0.400252169734,0.498057605141,1.86336266361,0.323524910713,0.299816950783,16.5539701655
2016-02-18,1.63997102322,941,2.84702888467,12.5417261844,0.398772071765,0.498627088307,1.83107002472,0.300885733419,0.299828977275,15.8708749791
2016-04-16,1.73074887089,965,2.869736966,12.478154865,0.211497178641,0.498413055965,1.63387775237,0.213910392287,0.299797267619,15.3356487098
2016-04-17,1.71623742054,949,3.32158463038,13.2386885309,0.199476063809,0.497630809557,1.78776316368,0.364762370069,0.299796815747,16.3881156858
2016-02-19,1.65973226987,940,2.86143723175,12.4889498462,0.4040479288,0.498319695551,1.78576728634,0.295050786047,0.299813974978,15.7719282649
2016-01-31,1.70681551614,905,3.14107106621,12.6332670671,0.206890468452,0.498168586165,1.73348030806,0.308764502226,0.299770225394,15.6803388963
2016-04-10,1.70787617043,936,3.24281914366,12.9671529957,0.199426703362,0.498014246249,1.75661635916,0.338238723895,0.29981591632,16.0592607669
2016-01-30,1.72833534014,921,2.69785593743,12.1720390282,0.218384700423,0.498676214819,1.60736397755,0.17412654823,0.299773266582,14.9703611539
2016-04-11,1.62524491312,933,3.06496320924,12.9161025322,0.388375325953,0.49825154263,1.84749535992,0.373908569593,0.299816691672,16.3239339574
2016-04-12,1.63055267045,976,2.8087971106,12.6537963799,0.384403357046,0.498508588339,1.84771880562,0.301899168567,0.299860645,15.9861785936
2016-04-13,1.62674324275,1005,2.90105385128,12.9885754884,0.386689970186,0.498300806581,1.90646282546,0.323643797182,0.299832586691,16.4035013408
2016-02-12,1.65807654633,998,2.90909197125,13.0288851097,0.393843508432,0.497780911805,1.86145659896,0.341688763528,0.299811643634,16.4234608712
2016-02-13,1.72776218674,879,2.62197519767,11.553293033,0.197680396691,0.49851218045,1.51429564724,0.172491691769,0.299775626291,14.2360449159
2016-02-10,1.62660664712,888,2.79469864826,12.1676884519,0.393518771243,0.498360272942,1.83631606258,0.299802091171,0.299824092572,15.4955097424
2016-01-19,1.63606889618,954,2.83063747054,12.452355992,0.353737320007,0.498344353247,1.84965230088,0.322901278239,0.299800524488,15.77674315
2016-01-18,1.68534134503,786,3.0154833053,11.9213081053,0.156691403982,0.49840953025,1.67509659523,0.359780476273,0.299827636768,14.9110520441
2016-02-11,1.64245241866,940,2.77999144152,12.4650903737,0.389423168107,0.498227849902,1.85267427526,0.30059022674,0.29982361476,15.8058295085
2016-02-16,1.63646956668,950,3.0279760791,12.9040369457,0.36231553738,0.498008459147,1.87053079746,0.364778017423,0.299836139043,16.2995014145
2016-02-17,1.63340908252,928,2.89687545146,12.5936836777,0.390420038912,0.498383563305,1.83795071206,0.321336595294,0.299829959771,15.941600329
2016-02-14,1.73263108423,858,2.77678723589,11.7244740794,0.191265019004,0.498235777923,1.53902667661,0.216236768973,0.29980613225,14.4690444542
2016-02-15,1.68463798421,819,2.98915258049,11.9533742874,0.158970900892,0.49790459558,1.6575,0.323109813794,0.299843173217,14.8907004346
2016-01-13,1.63454184905,866,2.70844183948,11.869648847,0.368813572468,0.498487524012,1.78335909282,0.273927318419,0.299851854916,15.0940820046
2016-01-12,1.64089617474,856,2.75708743209,11.9255188761,0.362003770206,0.498413788501,1.76319413783,0.277025346019,0.299845688452,15.1259985486
2016-01-11,1.62811126943,863,2.91012540465,12.234062759,0.369428927428,0.498445483107,1.77163815974,0.332292070324,0.299831879669,15.5056992792
2016-01-10,1.71193146652,817,3.09654544508,12.1309147149,0.207930402189,0.498224191487,1.66806153437,0.294361027077,0.299843821402,15.0993333777
2015-12-21,1.65908535742,925,2.88254842061,12.3408564878,0.361981823693,0.497969292166,1.61428335143,0.29841607732,0.299816353379,15.4132979578
2016-01-17,1.73337042981,861,2.97803240834,12.0381566278,0.212020897681,0.498379986183,1.62633097045,0.266647930259,0.299829033636,14.9413611449
2015-12-20,1.74169435437,917,3.0191056052,12.3715222694,0.20250378406,0.497651089729,1.57916442106,0.28563632059,0.29980128698,15.2362791718
2016-01-16,1.7317377114,876,2.83401367323,11.8847252992,0.218156018198,0.498535011374,1.5887908466,0.218142419147,0.299828651963,14.7081762684
2015-12-23,1.68447846326,1006,2.90792049454,12.7724105579,0.348900849569,0.497479782544,1.62335956869,0.326702789122,0.299801657066,15.8686552048
2016-01-15,1.65700265919,949,2.96651704599,12.6655587981,0.375999939044,0.498084977231,1.8327951459,0.331932395125,0.299835419794,16.0042059132
2015-12-22,1.67007986129,984,2.8441849096,12.6223752275,0.353839829599,0.497765204361,1.65754858563,0.303753911251,0.299844985274,15.7351254471
2016-01-14,1.63791787238,908,2.86941158721,12.4038813322,0.363855335304,0.498282345295,1.85365326587,0.31106592596,0.299843708896,15.7305377085
2015-12-25,1.78819936213,887,3.37524428347,12.9529179415,0.190981674685,0.498012595275,1.31891945511,0.326120709228,0.299798908049,15.5867469593
2015-12-24,1.72334912289,834,2.90910002948,11.853198071,0.362093955867,0.498190119073,1.37153488898,0.272557325692,0.299807714719,14.6573820753
2015-12-09,1.63755053886,1092,2.99181094223,13.7940148413,0.36056191125,0.497947123755,2.0174128278,0.363443690114,0.299827730665,17.3332018605
2015-12-27,1.7800213104,991,3.44617808214,13.6019971864,0.189135487883,0.497961861209,1.50165891226,0.374372461806,0.299800925979,16.4649268356
2015-12-08,1.63697863071,1066,2.93999214187,13.4928986061,0.358640651102,0.498145054593,1.96153861574,0.348752455664,0.299809159796,16.959765459
2015-12-26,1.79277459363,947,3.11368936476,12.7093393011,0.165326420268,0.498451820659,1.30459973692,0.30700259667,0.299806530968,15.2845264066
2015-12-29,1.72907821832,944,3.01024488608,12.5821943912,0.377978896688,0.498510142804,1.46702169206,0.299222265106,0.299855756966,15.5247752949
2015-12-28,1.74168910715,958,3.09041997056,12.8170252396,0.390700889254,0.49853317235,1.46064079171,0.314890454259,0.299818893419,15.781601301
2015-12-03,1.6423891359,1059,3.01743375773,13.6410927725,0.363678569931,0.497933512363,1.9369737053,0.369838552571,0.299832067055,17.1093355182
2015-11-19,1.63751098248,1126,2.95381810429,13.8163921391,0.354002894206,0.49797276345,1.98863582097,0.348998320327,0.299845728462,17.3058455992
2015-12-02,1.63089986944,1042,2.96759048929,13.4133751148,0.350277015156,0.498154485916,1.94375928801,0.35498973819,0.299829148915,16.860384791
2015-11-18,1.6248384609,1025,2.94438912164,13.3971270531,0.361807857054,0.498168355011,1.95637196202,0.343214107054,0.299845235118,16.8564862379
2015-12-01,1.63474518057,1066,2.93032375807,13.3603871358,0.347948768972,0.498659853672,1.88835970211,0.346725891923,0.299859342289,16.7419363333
2015-10-05,1.64688876856,880,3.12796661074,12.8801148976,0.368942811574,0.498397203161,1.75044686687,0.383314662098,0.299801155782,16.1810072406
2015-12-07,1.63917191858,974,3.07736665276,13.1749574815,0.366032521575,0.498100529217,1.86469309273,0.394644480555,0.299833659062,16.5982595687
2015-10-04,1.72480750197,905,3.27980151874,12.9915258649,0.195931399686,0.498051254522,1.67992107161,0.349474314025,0.299811276443,16.0147107077
2015-12-06,1.7171847273,921,3.21985058652,12.948373608,0.196070182087,0.497649330264,1.72046734285,0.360828982375,0.299850202419,16.0232355509
2015-10-07,1.6444888516,1022,3.03143022026,13.4563006029,0.3668849623,0.498208805123,1.88400250637,0.350483635644,0.299839769476,16.8557140289
2015-12-05,1.73427855113,981,2.79862837826,12.4733752014,0.204245379505,0.498347075648,1.57435663795,0.206056513947,0.299807894213,15.2561743569
2015-10-06,1.64553782345,942,2.97102274088,12.9005447905,0.371453881408,0.498307225047,1.79150308618,0.327724061354,0.299816298538,16.18931859
2015-12-04,1.66069566619,1054,3.00224006123,13.4208250076,0.377572419807,0.497874326989,1.85855397361,0.355947192311,0.299827244635,16.8105963733
2015-11-11,1.63878748013,1021,3.02584161048,13.5498232747,0.164219974785,0.498186975826,1.93875127446,0.372142767089,0.299859398126,16.8229814723
2015-10-01,1.6540877084,1101,3.06267557212,13.9203605416,0.358026638708,0.497979056643,1.9353202858,0.370218649684,0.299864088227,17.3817671896
2015-11-10,1.63005891203,1065,2.85550637066,13.3156159562,0.356358420693,0.498253708001,1.89885411912,0.328090099483,0.299841172515,16.6970113151
2015-11-13,1.66046597183,1049,2.96739026156,13.2469125843,0.380217625517,0.498097269767,1.84361996517,0.339257851599,0.299810801966,16.6079122761
2015-10-03,1.7370752703,887,2.78704747386,11.9125510713,0.192935749442,0.498416220276,1.49160626396,0.208291618074,0.299827291416,14.6036282145
2015-11-12,1.63555999037,1056,2.98630117032,13.5021358157,0.366498355329,0.498212423282,1.92763262666,0.352264807052,0.299843555699,16.9465880852
2015-10-02,1.66739719821,1057,2.91325663573,13.2299002209,0.367624065186,0.497947534702,1.77709916596,0.323481975981,0.299773206895,16.4958346897
2015-11-15,1.72046387757,949,3.32353226572,13.3030802694,0.197895117967,0.497727010623,1.76090721108,0.375797638237,0.299822183841,16.4352286265
2015-11-14,1.73402359487,986,2.80710021527,12.4479778967,0.204557968014,0.498479396242,1.58727615875,0.212167254975,0.299809209639,15.2502678843
2015-11-17,1.62166417528,1006,2.91855157966,13.0571534473,0.367039675438,0.498258242152,1.89999142397,0.339819584686,0.299806441849,16.4620519819
2015-11-16,1.62372933099,962,3.20417187459,13.3862008648,0.366956881647,0.498089042966,1.90630665723,0.425611785116,0.299845890562,16.8829826781
2015-10-09,1.66770238282,1101,3.0989297825,13.8868686736,0.358069741037,0.497679776164,1.85083664915,0.361599547867,0.299774186845,17.2548155479
2015-10-08,1.65458741518,1063,3.0726055028,13.6740505373,0.365821819164,0.497989708508,1.89757697366,0.36600234534,0.299806471939,17.101228003
2015-11-30,1.63131138888,967,3.24667645645,13.4257509974,0.357941373342,0.498261723415,1.87946442209,0.435306948093,0.29985846094,16.8965839253
2016-05-31,1.63704967812,994,3.11258286162,13.2908478335,0.383153493488,0.498163445848,1.82664985027,0.379757796015,0.299824264632,16.6783729535
2016-05-30,1.7194856138,852,3.65955295347,13.5098478911,0.183585028523,0.497531788459,1.73173414281,0.446194041199,0.299764876531,16.6686172167
2016-05-19,1.65242521167,1113,3.12650225149,14.1343912198,0.385803624961,0.49767074318,2.01264388837,0.384066026968,0.299827657573,17.7143872311
2016-05-18,1.64809501015,1137,3.11439068939,14.3155141347,0.383742615774,0.497773701058,2.04956811138,0.383235287039,0.299811466576,17.929619002
2016-05-17,1.64940391304,1067,3.11000038474,13.8673833732,0.38492266772,0.497642840288,1.97720285424,0.368308436529,0.299809939571,17.3952211216
2016-03-19,1.72165165554,934,2.85318917718,12.1312394128,0.208481824661,0.498326869139,1.59853326823,0.22194009127,0.299787560979,14.9583016218
2016-05-16,1.64485291742,1004,3.1543696076,13.4394677075,0.392297418111,0.498012688633,1.89671248075,0.395698197956,0.299821465118,16.9219750051
2016-03-18,1.66231090678,1001,2.98234663836,13.0101506666,0.398845505375,0.497938653004,1.82937352824,0.324631728608,0.299810585245,16.3607487963
2016-05-15,1.7157678318,960,3.30107390531,13.209313558,0.197600950297,0.497710444271,1.76536875212,0.319478111198,0.299793153067,16.2892609719
2016-05-14,1.72088374982,1005,2.97460183624,12.8192714341,0.206362564388,0.498241396702,1.65740932038,0.221418487576,0.299796855226,15.7024981904
2016-03-15,1.62783301361,955,2.91216836802,12.6959020209,0.383043021952,0.498600564344,1.85777277969,0.327194300229,0.299815073625,16.0623256351
2016-05-13,1.65073049345,1119,3.05072656841,13.8982539218,0.385091417504,0.497801464835,1.94700221906,0.357232308462,0.299792203795,17.3851673785
2016-03-14,1.62851055691,936,2.90763672975,12.5063119362,0.389087255204,0.498357542849,1.80480158646,0.35183311373,0.29983423477,15.8502256692
2016-05-12,1.63614337633,1102,3.06868063544,13.9733851076,0.393222760636,0.497928352557,2.00782339587,0.372818534882,0.299825157029,17.5449608575
2016-03-17,1.65305997458,1047,3.06588098993,13.3810694982,0.406516666411,0.497834719011,1.93360273665,0.363077914389,0.299808608045,16.8819060597
2016-05-11,1.63157041443,1030,2.9634351005,13.407291861,0.386403757066,0.498164788931,1.94817148659,0.348417120486,0.299850897407,16.8882788085
2016-03-16,1.63956638872,987,2.96488711561,13.0774751081,0.397165393047,0.498199688595,1.90635894061,0.341591879904,0.299836358609,16.5206273688
2016-05-10,1.62980544916,994,2.91033048144,13.0497154708,0.388160528857,0.498390995106,1.87704842612,0.331253946897,0.299841310316,16.4443671401
2016-03-11,1.65132022102,980,2.9710917263,12.9327770786,0.407451799648,0.497994798221,1.84386211691,0.332170579986,0.299818057603,16.3140705956
2016-03-10,1.63603770514,975,3.01504427726,13.1209589525,0.394792258678,0.498042136625,1.93974027015,0.35602293354,0.299828749546,16.6093812951
2016-03-13,1.70580036722,945,3.30526926501,12.9919982474,0.197561759306,0.498155900517,1.74679747399,0.346657235854,0.299799699549,16.0809619707
2016-03-12,1.72956888094,922,2.88134846194,12.2792090495,0.211802343164,0.498484123045,1.61350426502,0.219739481734,0.299789461534,15.1225250303
2016-03-31,1.65360229206,1005,2.98756106391,13.1271818549,0.396078955126,0.498244234936,1.8830921893,0.337070949458,0.299873553887,16.5415396689
2016-03-30,1.64726334144,977,2.90759790438,12.7891261614,0.395646892341,0.498519973076,1.8390028302,0.312245559919,0.299851334807,16.1343906317
2015-10-29,1.64481231798,1105,3.07781081006,13.9588031341,0.360918392863,0.49803490196,1.93918044298,0.378721600166,0.299840114774,17.4354965661
2015-10-28,1.64722720839,1056,2.84710195238,13.3086155943,0.346921185188,0.498186081084,1.85421827019,0.313075045534,0.299848965294,16.6208204901
2015-10-27,1.64385281929,978,2.90968225383,12.9835726672,0.367790285389,0.498285955523,1.80605040333,0.324825669787,0.299808422465,16.2803312661
2015-10-26,1.64852171477,962,3.14745791539,13.2327233721,0.367794792343,0.498129096621,1.79892570984,0.400990821282,0.29986879379,16.5984098893
2015-10-25,1.71835197175,917,3.30457599895,13.0861372834,0.19452548558,0.497666601269,1.68517258518,0.374172650579,0.29985638611,16.1375309921
2015-10-24,1.74370120466,982,2.89637218867,13.1715686568,0.204413473304,0.498343561296,1.55950370008,0.229381292069,0.299788733878,15.9629931005
2015-10-23,1.66892780871,1058,3.03745290214,13.5260349134,0.376513233163,0.498007636717,1.81703657711,0.347749957097,0.299806221875,16.8651390054
2015-10-22,1.64800548532,1055,3.05142096594,13.6434690171,0.368444857389,0.498233667636,1.89875534434,0.361361268381,0.299839763098,17.0700704297
2015-10-21,1.64656926062,1077,3.00918873904,13.6725623474,0.37066606703,0.498222008398,1.90857590717,0.341169500123,0.299827770138,17.0909841706
2015-10-20,1.64733874429,1007,2.97613428956,13.2258978954,0.366498759727,0.498408833874,1.83349635476,0.340236879965,0.299854244325,16.5643908087
2016-06-18,1.71253357674,971,3.00015462486,12.7274676605,0.209391920686,0.498127675486,1.59188675873,0.24592149434,0.29975832992,15.5756598363
2016-06-19,1.70683403326,913,3.40866452062,13.1440287311,0.206744676521,0.497755289561,1.70408290628,0.37009725023,0.29979279596,16.2257640341
2016-06-16,1.63452176842,1068,2.97221523993,13.4524260864,0.380930311473,0.498146929153,1.9466296971,0.343149735677,0.29981936195,16.9261209509
2016-06-17,1.65177141897,1048,3.06651708426,13.531585773,0.395231998404,0.497666629921,1.88311222749,0.358330078689,0.299788185641,16.9699118096
2016-06-14,1.64137391831,1026,2.96583352015,13.2355629848,0.385318118639,0.498332623414,1.89007358875,0.337237675425,0.299807481057,16.6498744283
2016-06-15,1.63882812313,1060,2.97340284995,13.4560146139,0.387760361706,0.498207151724,1.93429191132,0.335781025313,0.299834935689,16.9160150658
