2016-03-31,1.65269010579,1002,2.97678470394,16.5735023935
2016-03-30,1.64598558461,975,2.95552972218,16.1603270536
2016-03-20,1.70969953757,889,5.5344556163,16.4743895622
2016-03-21,1.63142346494,896,3.7596792071,16.1208736651
2016-03-22,1.64368416374,969,2.95139567314,16.271413785
2016-03-23,1.64248383241,977,2.95855816207,16.3307795589
2016-03-24,1.65896040383,1035,2.96694715099,16.4940824544
2016-03-25,1.69779350721,937,3.00089955647,15.9059168586
2016-03-26,1.74868941368,913,2.8207480209,14.7135994587
2016-03-27,1.73286249419,906,3.2997872403,15.8736549917
2016-03-28,1.64287500772,918,3.96297752263,16.077632241
2016-03-29,1.6481671225,926,3.67393320371,15.8822545025
2016-03-19,1.72025792411,932,2.84235580525,14.9882298724
2016-03-18,1.66088791282,998,2.97015023673,16.3962830673
2016-03-15,1.62672487742,952,2.90182140701,16.0909935188
2016-03-14,1.62714160955,934,9.29184915447,15.8867590441
2016-03-17,1.65177809171,1044,3.86061498902,16.9135134208
2016-03-16,1.63833010689,984,4.99333807735,16.5555258842
2016-03-11,1.64976268694,978,2.95909687339,16.3408859608
2016-03-10,1.6352051502,972,3.00258783959,17.703257819
2016-03-08,1.62621061998,922,2.86100221238,15.9242300062
2016-03-13,1.70444281907,942,3.29169808446,16.126924492
2016-03-09,1.63009652408,961,2.93961284878,16.3023757318
2016-03-12,1.7283379367,920,3.49560013523,15.1595541215
2016-03-06,1.70986607249,893,3.17732404318,15.8551076104
2016-03-07,1.61536534422,908,3.04924023456,16.2689985405
2016-03-04,1.64515668081,955,2.81626999651,15.7998796871
2016-03-05,1.72292448527,911,2.75197457853,14.7431082704
2016-03-02,1.62345605078,917,2.77575075232,15.6646958264
2016-03-03,1.63151441564,937,2.83204021141,15.9968086565
2016-03-01,1.61900973048,895,2.83948219298,15.6886805671
