2016-03-31,1.65269010579,1002,2.97678470394,13.1558216662,0.395953968557,0.497835754368,1.88582782395,0.338232970736,0.299832270965,16.5735023935
2016-03-30,1.64598729075,975,2.89789111568,12.8087625917,0.395575323146,0.498123458225,1.84487182467,0.313230134541,0.299797159173,16.1603583785
2016-03-20,1.70969126449,889,3.20623508598,12.7301241014,0.200493631365,0.49735806986,1.726816677,0.340826103683,0.299768389483,15.7953806918
2016-03-21,1.63142533028,896,3.09497113771,12.7359861036,0.395135626167,0.497753350034,1.80980883535,0.382454033039,0.299772233121,16.1208819984
2016-03-22,1.64368416374,969,2.95139567314,12.9048956898,0.384947664341,0.498018661941,1.85150345571,0.332262211654,0.299788323926,16.271413785
2016-03-23,1.64248383241,977,2.95855816207,12.9543159557,0.392962670096,0.49788856141,1.86233636051,0.323516268767,0.299778752227,16.3307795589
2016-03-24,1.65896040383,1035,2.96694715099,13.1034493352,0.397099386313,0.497714347087,1.864344414,0.331726590853,0.299766214498,16.4940824544
2016-03-25,1.69779350721,937,3.00089955647,12.6643436757,0.416041057878,0.497788937324,1.70703886687,0.320982829927,0.29972352196,15.9059168586
2016-03-26,1.74869003268,913,2.8207480209,12.0253464024,0.216925482166,0.498298237361,1.48293025163,0.190306593984,0.299793222633,14.7135961653
2016-03-27,1.73286249419,906,3.2997872403,12.8994559573,0.202483431441,0.497668346555,1.6378235647,0.336482731651,0.299743312301,15.8736549917
2016-03-28,1.64287689936,918,3.07780063086,12.7644469651,0.38220607794,0.497827730895,1.75587682285,0.377510563422,0.299726351471,16.0775874498
2016-03-29,1.64816886561,926,2.91018604476,12.5704235624,0.399133028189,0.49812960204,1.79173413187,0.323073584226,0.299781361102,15.8822560684
2016-03-19,1.72025792411,932,2.84235580525,12.1563835526,0.208191649511,0.497876759857,1.60266405546,0.223391651355,0.299729580816,14.9882298724
2016-03-18,1.66088791282,998,2.97015023673,13.0400131117,0.39868627282,0.497443460359,1.83453432668,0.325860443561,0.299749178484,16.3962830673
2016-03-15,1.62672487742,952,2.90182140701,12.7214896428,0.382817864594,0.498213699472,1.86063149311,0.328071685005,0.299771251867,16.0909935188
2016-03-14,1.62714129575,934,2.89662537348,12.5380563796,0.388860233892,0.497881423887,1.80932854682,0.352925844279,0.299756263447,15.886808692
2016-03-17,1.65177974779,1044,3.0526302256,13.4093803596,0.40622323518,0.497403364611,1.9362441973,0.364526802298,0.299753790334,16.913527684
2016-03-16,1.63833173499,984,2.95290875145,13.1073971362,0.39719061805,0.497728733498,1.91118618519,0.342238568426,0.299758972843,16.5555002142
2016-03-11,1.64976268694,978,2.95909687339,12.956218605,0.407220214107,0.497519433887,1.84698777145,0.333182263117,0.29976149321,16.3408859608
2016-03-10,1.6352051502,972,3.00258783959,14.2122820341,0.394690928312,0.497588961583,1.94206658655,0.356874152272,0.29975914549,17.703257819
2016-03-08,1.62621061998,922,2.86100221238,12.5578086248,0.394257382095,0.498002596081,1.85516383338,0.319222073762,0.299782027175,15.9242300062
2016-03-13,1.70444281907,942,3.29169808446,13.0302621474,0.197224346294,0.497626654698,1.75265976251,0.349428911016,0.299733198131,16.126924492
2016-03-09,1.63009652408,961,2.93961284878,12.8639404768,0.394810011077,0.497822933699,1.90825011868,0.337810485785,0.299791128225,16.3023757318
2016-03-12,1.72833961171,920,2.87040820926,12.3124327662,0.21152134417,0.498075874028,1.61682438493,0.22095631356,0.299747485201,15.1595537985
2016-03-06,1.70986607249,893,3.17732404318,12.7988477101,0.199345843113,0.49758131313,1.73710276244,0.322479259892,0.299750721769,15.8551076104
2016-03-07,1.61536892947,908,3.04924023456,12.8516694972,0.390363380011,0.497772935559,1.85627187373,0.373219848694,0.299775400042,16.2690682743
2016-03-04,1.64515668081,955,2.81626999651,12.5130009815,0.397189420151,0.497747647504,1.80265761197,0.289528821445,0.299764574701,15.7998796871
2016-03-05,1.7229261177,911,2.74518779369,11.9628102779,0.208817643778,0.498151756904,1.58014916914,0.193443264469,0.299754094474,14.7431262067
2016-03-02,1.62345605078,917,2.77575075232,12.3362729627,0.396780600762,0.49802748791,1.83865647099,0.295261978551,0.299775425569,15.6646958264
2016-03-03,1.63151441564,937,2.83204021141,12.6156323834,0.39368073709,0.497814441826,1.87797433517,0.311981072781,0.299775016071,15.9968086565
2016-03-01,1.6190114172,895,2.83948219298,12.3769891823,0.395730537617,0.498096678384,1.82075666912,0.297271778523,0.299764571242,15.6886006976
