2016-02-01,1.62019823756,897,2.96780205965,12.6706297832,0.392765993491,0.497983445529,1.85968359265,0.349142436806,0.299748086726,16.0699368731
2016-02-03,1.62941980323,932,2.71230878546,12.3410897203,0.364692581086,0.497975598513,1.86593916812,0.279420294204,0.299749602447,15.6487982827
2016-02-02,1.62984640756,894,2.76357667743,12.2583728705,0.386985926516,0.498104901262,1.84714617137,0.291428032368,0.299763448074,15.5817991139
2016-02-05,1.65008721457,869,2.74495274534,11.9895174541,0.415261010994,0.497735894936,1.75410868697,0.268453734099,0.299705976493,15.2247807726
2016-02-04,1.62775161172,932,2.83343171943,12.5991095146,0.388341311626,0.49791228246,1.90389579656,0.317924821613,0.299771057683,16.0069547845
2016-02-07,1.71786066911,835,3.0575760014,12.1777517606,0.216051036717,0.497854832287,1.68150049913,0.26609628571,0.299712795728,15.1389628462
2016-02-06,1.71460892893,872,2.6956623577,11.6696092257,0.21453300571,0.498222997756,1.55910530252,0.174944600738,0.299725081016,14.4161383142
2016-01-04,1.65132408372,826,3.02156455654,12.1891221356,0.373519937834,0.49789413779,1.63960607985,0.348325492763,0.299758172948,15.3482233773
2016-01-05,1.63962744999,842,2.82458241271,11.9893208278,0.355945544893,0.498165203091,1.65733511361,0.281915325758,0.299776969582,15.0824401312
2016-01-06,1.64809146693,865,2.79167819943,11.9857563533,0.364857324107,0.498225504211,1.67965971778,0.277672545598,0.299810564536,15.1059820095
2016-01-07,1.64368771459,881,2.81002409833,12.1122897044,0.370549659583,0.498182862849,1.73153202931,0.280083535315,0.299796726085,15.2924322862
2016-01-01,1.79583499138,912,3.27995056816,12.8284323886,0.269745530648,0.49702141457,1.44952339685,0.265828241293,0.299711721272,15.610257977
2016-01-02,1.78003464534,899,3.07334369872,12.4141545755,0.197410065383,0.497655578421,1.46376048477,0.295229623069,0.299783141005,15.1679908633
2016-01-03,1.74100891125,865,3.41386501686,13.0310864603,0.199037813163,0.497228468952,1.66133013322,0.377567036092,0.299748898279,16.0659961209
2016-01-08,1.66503473268,893,2.74789799807,12.0174897723,0.379950367055,0.498069974145,1.69513428411,0.255027879593,0.29976198511,15.1454342623
2016-01-09,1.72420624003,839,2.70494404786,11.5719177801,0.215687208296,0.49819717563,1.54199419218,0.183118287369,0.299768887911,14.3106835315
2016-01-19,1.63476111241,952,2.81991240435,12.4835952636,0.353199864341,0.497880323039,1.85355793077,0.324298810861,0.299746433644,15.8122301916
2016-01-18,1.68402967149,785,3.00323412042,11.9619808012,0.156445322628,0.497898915483,1.67972456421,0.361344306657,0.2997585988,14.957091056
2016-01-13,1.63337267555,865,2.6996125737,11.8966485332,0.368368913124,0.498102038923,1.7868899466,0.27523180122,0.299812136643,15.1250471849
2016-01-12,1.63980518779,854,2.74715020653,11.9524151229,0.361466410685,0.498015032012,1.76708989564,0.278773780138,0.299810506894,15.1575677009
2016-01-11,1.62689763536,862,2.89979597171,12.2625728238,0.368928532178,0.498033676994,1.77620419462,0.333782171807,0.299786140096,15.5393075395
2016-01-10,1.71063702269,814,3.08499982712,12.169349377,0.207640641748,0.497745294653,1.6734146468,0.298288354483,0.299796860413,15.14623287
2016-01-17,1.73208450734,859,2.96717677655,12.0722421819,0.211702011978,0.497962711992,1.63125247748,0.26807991665,0.299795909621,14.9810309243
2016-01-16,1.73037732688,874,2.82376422736,11.9167459868,0.21786468855,0.498103018418,1.59323356524,0.219999334825,0.299790100219,14.7457347232
2016-01-15,1.65595055504,947,2.9561783167,12.6956975343,0.37550576301,0.49766897997,1.8398928895,0.333669951861,0.299790435984,16.0422247954
2016-01-14,1.63677504574,906,2.85916179252,12.4366474271,0.363401091672,0.497847751897,1.85831112128,0.312354238194,0.299804177545,15.7683217605
2016-02-23,1.62661451654,940,2.71627625032,12.3669311875,0.375551423442,0.49820759169,1.84069687099,0.288854783278,0.299763785587,15.6699729674
2016-02-22,1.62011171549,869,3.0356929522,12.5740384154,0.394877364732,0.497919679608,1.84426433477,0.360059839219,0.299763746334,15.9709163539
2016-02-21,1.70967785942,889,3.19160786539,12.7073546384,0.207133229837,0.49763585318,1.73495297626,0.314112278557,0.299754445224,15.7609434215
2016-02-20,1.71476099929,916,2.82898343678,12.182517203,0.217563257154,0.498128415791,1.62161264784,0.189998038723,0.299768952033,15.0095714371
2016-02-27,1.71646101096,898,2.73628217489,11.8393861541,0.212017368023,0.498238227685,1.56994913518,0.183973813867,0.299758623321,14.6032971962
2016-02-26,1.64205510177,944,2.81251847556,12.4895543041,0.397501065562,0.497827418592,1.79739301877,0.289393712836,0.29978828511,15.7714070306
2016-02-25,1.62434786876,953,2.98688837084,13.0093292189,0.392564746877,0.497606929891,1.96363110108,0.364341488552,0.299778410347,16.5272343746
2016-02-24,1.62707105315,934,2.70472760171,12.3352914299,0.372233417637,0.497839617238,1.85565992408,0.270031677167,0.299764321882,15.6308163332
2016-04-30,1.73324580225,922,2.89016337259,12.3864758441,0.21113776733,0.497860395966,1.59520376319,0.212500838705,0.29972340821,15.2029000866
2016-02-29,1.61365814323,876,3.05570467348,12.7191176024,0.393339215595,0.498282068063,1.84217803384,0.359848775243,0.299803664922,16.1125391501
2016-02-28,1.70459095155,897,3.25276555341,12.8985139742,0.205226322345,0.497663096668,1.74586027515,0.329560673295,0.299738088883,15.9765624305
2016-03-08,1.62621061998,922,2.86100221238,12.5578086248,0.394257382095,0.498002596081,1.85516383338,0.319222073762,0.299782027175,15.9242300062
2016-03-09,1.63009652408,961,2.93961284878,12.8639404768,0.394810011077,0.497822933699,1.90825011868,0.337810485785,0.299791128225,16.3023757318
2016-03-06,1.70986607249,893,3.17732404318,12.7988477101,0.199345843113,0.49758131313,1.73710276244,0.322479259892,0.299750721769,15.8551076104
2016-03-07,1.61536892947,908,3.04924023456,12.8516694972,0.390363380011,0.497772935559,1.85627187373,0.373219848694,0.299775400042,16.2690682743
2016-04-29,1.65463193327,981,2.93196648617,12.9157862091,0.414398556027,0.497495853456,1.80335160252,0.315558149178,0.299704375824,16.2462773306
2016-03-04,1.64515668081,955,2.81626999651,12.5130009815,0.397189420151,0.497747647504,1.80265761197,0.289528821445,0.299764574701,15.7998796871
2016-04-28,1.63664743859,982,2.97850018453,13.0814754475,0.403785193199,0.497592277087,1.8973553976,0.348554911249,0.29977022361,16.5284860794
2016-03-05,1.7229261177,911,2.74518779369,11.9628102779,0.208817643778,0.498151756904,1.58014916914,0.193443264469,0.299754094474,14.7431262067
2016-03-02,1.62345605078,917,2.77575075232,12.3362729627,0.396780600762,0.49802748791,1.83865647099,0.295261978551,0.299775425569,15.6646958264
2016-03-03,1.63151441564,937,2.83204021141,12.6156323834,0.39368073709,0.497814441826,1.87797433517,0.311981072781,0.299775016071,15.9968086565
2016-03-01,1.6190114172,895,2.83948219298,12.3769891823,0.395730537617,0.498096678384,1.82075666912,0.297271778523,0.299764571242,15.6886006976
2016-04-21,1.64788657689,1116,3.03957426551,13.9417405971,0.372005272287,0.497287795771,2.00758052967,0.361399224539,0.299743015812,17.4797543136
2016-04-20,1.62541465708,1011,2.91442988666,13.152254938,0.393347859714,0.497857016216,1.91739984634,0.330908404145,0.29978338905,16.5915452866
2016-04-23,1.72575340835,945,2.85127321936,12.4130529372,0.217077600996,0.497715258605,1.58116032778,0.221783599024,0.299705803968,15.2304906113
2016-04-22,1.65471943801,1078,3.02908126812,13.7156881421,0.390579181813,0.497180419245,1.90577989264,0.346320740685,0.299761229395,17.1552408713
2016-04-25,1.63229624125,901,3.13459293933,12.9957684694,0.394289394982,0.497523252344,1.84869333098,0.396771989986,0.299761537853,16.4328055391
2016-04-24,1.71554214675,914,3.28793872769,12.9859165254,0.208803415644,0.497322819868,1.73526308307,0.356480880128,0.299773086592,16.0835598107
2016-04-27,1.63268850481,983,2.90813595773,13.0833608812,0.390156116854,0.497700583511,1.89833546593,0.334287464934,0.29975166302,16.5035813547
2016-04-26,1.63134713258,916,2.84150628334,12.494277395,0.395407332615,0.497846880159,1.81261277954,0.307064825554,0.29979123743,15.8070004503
2016-03-19,1.72025792411,932,2.84235580525,12.1563835526,0.208191649511,0.497876759857,1.60266405546,0.223391651355,0.299729580816,14.9882298724
2016-03-18,1.66088791282,998,2.97015023673,13.0400131117,0.39868627282,0.497443460359,1.83453432668,0.325860443561,0.299749178484,16.3962830673
2016-03-15,1.62672487742,952,2.90182140701,12.7214896428,0.382817864594,0.498213699472,1.86063149311,0.328071685005,0.299771251867,16.0909935188
2016-03-14,1.62714129575,934,2.89662537348,12.5380563796,0.388860233892,0.497881423887,1.80932854682,0.352925844279,0.299756263447,15.886808692
2016-03-17,1.65177974779,1044,3.0526302256,13.4093803596,0.40622323518,0.497403364611,1.9362441973,0.364526802298,0.299753790334,16.913527684
2016-03-16,1.63833173499,984,2.95290875145,13.1073971362,0.39719061805,0.497728733498,1.91118618519,0.342238568426,0.299758972843,16.5555002142
2016-03-11,1.64976268694,978,2.95909687339,12.956218605,0.407220214107,0.497519433887,1.84698777145,0.333182263117,0.29976149321,16.3408859608
2016-03-10,1.6352051502,972,3.00258783959,14.2122820341,0.394690928312,0.497588961583,1.94206658655,0.356874152272,0.29975914549,17.703257819
2016-04-18,1.63093137843,959,3.15539277986,13.2785937116,0.400077077231,0.49738793827,1.89125304741,0.397129529715,0.299725947622,16.7641526928
2016-03-13,1.70444281907,942,3.29169808446,13.0302621474,0.197224346294,0.497626654698,1.75265976251,0.349428911016,0.299733198131,16.126924492
2016-04-19,1.6346455846,1001,2.89863445197,13.0755873131,0.392208481231,0.49769347639,1.89136315478,0.324699849414,0.299815262988,16.4813610842
2016-03-12,1.72833961171,920,2.87040820926,12.3124327662,0.21152134417,0.498075874028,1.61682438493,0.22095631356,0.299747485201,15.1595537985
2016-04-14,1.64220868357,1045,2.98567002841,13.4050091472,0.393040058542,0.49767698273,1.96137485297,0.356098902583,0.299748789994,16.9129031085
2016-04-15,1.65130892018,1028,2.9423416731,13.1926976168,0.400257020913,0.497573271139,1.86899936883,0.32438017227,0.299740961213,16.583614905
2016-04-16,1.72935731425,962,2.85952105512,12.49971411,0.211220122059,0.49801300051,1.63727817544,0.215160362811,0.299764994244,15.3611489694
2016-04-17,1.71473511596,946,3.3078007378,13.2704877038,0.199169577787,0.497138649978,1.79237856317,0.365735236953,0.299738192266,16.4246458645
2016-04-10,1.7066456552,934,3.22954604319,12.997669964,0.19913052071,0.497559497805,1.76202856831,0.339756053798,0.299768301817,16.0959087457
2016-04-11,1.62420116501,930,3.05228450382,12.9519983659,0.388014318323,0.497788116249,1.85027065401,0.375496641822,0.29974203022,16.3632941284
2016-04-12,1.62963367335,973,2.79791777147,12.6831465567,0.384160921692,0.498060745963,1.85143842738,0.303126982146,0.2998026952,16.0197280105
2016-04-13,1.62546927383,1003,2.89134298574,13.0179092145,0.386480896886,0.497905635406,1.90875851645,0.324263401019,0.299783709182,16.4350972536
2016-03-20,1.70969126449,889,3.20623508598,12.7301241014,0.200493631365,0.49735806986,1.726816677,0.340826103683,0.299768389483,15.7953806918
2016-03-21,1.63142533028,896,3.09497113771,12.7359861036,0.395135626167,0.497753350034,1.80980883535,0.382454033039,0.299772233121,16.1208819984
2016-03-22,1.64368416374,969,2.95139567314,12.9048956898,0.384947664341,0.498018661941,1.85150345571,0.332262211654,0.299788323926,16.271413785
2016-03-23,1.64248383241,977,2.95855816207,12.9543159557,0.392962670096,0.49788856141,1.86233636051,0.323516268767,0.299778752227,16.3307795589
2016-03-24,1.65896040383,1035,2.96694715099,13.1034493352,0.397099386313,0.497714347087,1.864344414,0.331726590853,0.299766214498,16.4940824544
2016-03-25,1.69779350721,937,3.00089955647,12.6643436757,0.416041057878,0.497788937324,1.70703886687,0.320982829927,0.29972352196,15.9059168586
2016-03-26,1.74869003268,913,2.8207480209,12.0253464024,0.216925482166,0.498298237361,1.48293025163,0.190306593984,0.299793222633,14.7135961653
2016-03-27,1.73286249419,906,3.2997872403,12.8994559573,0.202483431441,0.497668346555,1.6378235647,0.336482731651,0.299743312301,15.8736549917
2016-03-28,1.64287689936,918,3.07780063086,12.7644469651,0.38220607794,0.497827730895,1.75587682285,0.377510563422,0.299726351471,16.0775874498
2016-03-29,1.64816886561,926,2.91018604476,12.5704235624,0.399133028189,0.49812960204,1.79173413187,0.323073584226,0.299781361102,15.8822560684
2016-04-03,1.71380868861,901,3.11373860995,12.6320764405,0.198096771348,0.49755853294,1.69610439412,0.323759781436,0.299793733655,15.647389654
2016-04-02,1.72132328961,947,2.7829830803,12.1680612703,0.212145875667,0.498103689311,1.60064547542,0.206310985831,0.299765327277,14.9850271504
2016-04-01,1.66630161394,1025,2.93458096049,13.1627124238,0.4053351184,0.497694630526,1.83556687356,0.312979740804,0.299731255569,16.5140180738
2016-04-07,1.62826076719,1011,2.90463369115,13.0927849833,0.382840972461,0.497727222031,1.91703701133,0.325883421609,0.299768013068,16.5160309663
2016-04-06,1.62312993951,974,2.85804609323,12.8176061956,0.389261121287,0.497890188168,1.88295058645,0.317577133247,0.299749261376,16.2050865899
2016-04-05,1.63342572119,997,2.85459739955,12.9404507984,0.388565984287,0.498113606489,1.8757128555,0.309141964804,0.299753151207,16.3117322468
2016-04-04,1.6241256323,942,2.92756647093,12.692933129,0.390196368272,0.498083375147,1.82408931502,0.34861083009,0.299775424131,16.0536690761
2016-01-22,1.64750285433,926,2.75391117274,12.1936948981,0.375993804102,0.497785620959,1.76160434004,0.275056856333,0.299792015631,15.4039255959
2016-04-09,1.7238558346,916,2.73473195429,11.9523715853,0.202867507149,0.498283056449,1.57095318742,0.190669641367,0.299753641412,14.714893278
2016-01-23,1.69279495334,1000,2.78169634013,11.8765807309,0.360858401543,0.496969657474,1.6812173505,0.105361555706,0.299526875554,14.8205145717
2016-04-08,1.64993281215,1007,2.89286125593,12.890941415,0.395241068171,0.497827361849,1.83055555812,0.311875095241,0.299749257702,16.2261823677
2016-01-20,1.63514371203,934,2.85642770663,12.5633697791,0.363659549957,0.497674579851,1.88815921128,0.327059463553,0.299741590353,15.9396492402
2016-01-21,1.6316068502,961,2.83467712871,12.70016682,0.369654355035,0.497748120885,1.89211676637,0.317892332906,0.299791251954,16.0773316698
2016-01-26,1.63973078566,1154,3.04852538899,14.3873815067,0.367994885671,0.497766350684,2.08885577715,0.366569839078,0.29973530559,18.0082987115
2016-01-27,1.63403989496,1037,2.85470443412,13.3456776406,0.373982175313,0.498110402257,1.97308774687,0.301266638212,0.299805810972,16.7919264569
2016-01-24,1.75215451495,888,2.94674382245,12.2338586155,0.148871262965,0.497654820012,1.63400409294,0.257941198902,0.299767388652,15.0720117068
2016-01-25,1.64768910059,1162,3.30406651329,14.913021469,0.378662461431,0.497143104026,2.09336836496,0.418163485737,0.29969864878,18.6000546537
2016-02-18,1.63879134179,939,2.83627549451,12.5681697022,0.398509736524,0.498183391862,1.83462169911,0.301784169593,0.299758198917,15.90099193
2016-02-19,1.65807740748,937,2.85003666925,12.5113493267,0.403910700446,0.497856520054,1.78809305367,0.295881878512,0.299751501647,15.7968179374
2016-01-28,1.64137528829,1016,2.88781894335,13.1088917371,0.374251782732,0.497932295947,1.95458115738,0.319324152374,0.299801182302,16.5547823079
2016-01-29,1.65331051097,978,2.80402995557,12.6810147273,0.384851585082,0.49794574205,1.84352224812,0.285375819923,0.299749510686,15.9924226
2016-02-12,1.65661744664,995,2.896056249,13.0936782965,0.393673126991,0.497313850535,1.86402930644,0.344129571494,0.299749043641,16.4925675561
2016-02-13,1.7265065731,876,2.6118614978,11.5900436764,0.197424825135,0.498140848921,1.51744847463,0.173943428038,0.299730696498,14.2767283042
2016-02-10,1.62506429027,885,2.78395805819,12.1928591145,0.393436938672,0.49793754216,1.83979701073,0.300871117061,0.299774370213,15.5246760933
2016-02-11,1.64125862399,937,2.76962350874,12.4817451575,0.389188394432,0.497772702258,1.85618258173,0.301620069771,0.299761917697,15.8262708233
2016-02-16,1.63535791394,947,3.01544165314,12.9318624579,0.362189520606,0.497525760543,1.87442149659,0.365836164622,0.299769033791,16.331599971
2016-02-17,1.6322277047,926,2.88556360275,12.6215920054,0.39027284019,0.497976282073,1.84012389413,0.322239863028,0.299777053589,15.9719777369
2016-02-14,1.73115726852,856,2.76619595779,11.7486429366,0.191027854749,0.497773044989,1.54305852627,0.217359053239,0.299743513409,14.4976049292
2016-03-31,1.65269010579,1002,2.97678470394,13.1558216662,0.395953968557,0.497835754368,1.88582782395,0.338232970736,0.299832270965,16.5735023935
2016-02-15,1.68336014101,817,2.97705884406,11.986523282,0.158761107249,0.497475327727,1.66154214428,0.325051962293,0.29978359952,14.9291327693
2016-03-30,1.64598729075,975,2.89789111568,12.8087625917,0.395575323146,0.498123458225,1.84487182467,0.313230134541,0.299797159173,16.1603583785
2016-01-31,1.70537289991,902,3.12818083049,12.6632154367,0.206591702952,0.497677907471,1.73860761703,0.310533659083,0.299728948473,15.7163507683
2016-01-30,1.72692637817,919,2.68822743038,12.1926271525,0.218119824032,0.498264640053,1.61052336772,0.1757501222,0.299736187869,14.9950168508
2016-02-09,1.62601309248,871,2.72587923855,12.0172172805,0.387815865173,0.498293666255,1.79487956185,0.275310856704,0.299788608046,15.2732883193
2016-02-08,1.62688713796,836,-7.15916730177,12.1110828339,0.390843492469,0.497933081666,1.77110210932,0.32574016138,0.299766915666,15.3964638497
