2016-03-31,640087.0,386339202,1151917.31,6413834.23999
2016-03-30,621611.0,366532849,1114361.87,6096254.91
2016-03-20,660904.0,356445089,2125487.79,6363705.56
2016-03-21,551909.0,321483651,1274019.28,5457479.58
2016-03-22,591106.0,345208688,1062097.76,5853303.56
2016-03-23,615387.0,363547123,1106100.91,6109018.35
2016-03-24,660624.0,397590376,1175494.53,6546071.86
2016-03-25,668609.0,374528815,1189098.49,6293756.75
2016-03-26,695619.0,354189263,10117197.22,5864208.1
2016-03-27,594804.0,321935481,1129632.23,5445730.76
2016-03-28,557595.0,325771490,1344442.65,5451773.45
2016-03-29,613200.0,341993705,1368351.26,5913488.16
2016-03-19,745358.0,391376505,1237234.58,6513553.49
2016-03-18,712027.0,432254077,1276341.4,7040518.85
2016-03-15,613564.0,357196160,1095342.88,6071313.14
2016-04-01,8309.0,52403376,25837.6,116344.57
2016-03-14,614219.0,358421064,3507307.14,5986218.08
2016-03-17,646550.0,388950018,1508498.41,6603950.02
2016-03-16,641364.0,388682418,1952820.35,6471648.43999
2016-03-11,687714.0,398068862,1232503.09,7236122.26001
2016-03-10,653893.0,391795843,1197646.73,6640786.18
2016-03-08,596499.0,336404431,1047042.61,5832478.7
2016-03-13,622667.0,355091942,1200987.28,5894967.53001
2016-03-09,617027.0,359816759,1112851.07,6171515.95999
2016-03-12,751216.0,388989231,1525109.09,6610189.35001
2016-03-06,653652.0,354767003,1211655.0,6053000.67
2016-03-07,554761.0,328903462,20342902.76,5600060.0
2016-03-04,698679.0,397115752,1194325.99,6702522.74999
2016-03-05,762550.0,390159972,1224401.99,6548878.8
2016-03-02,649384.0,359923454,1108456.66,6258851.31
2016-03-03,683590.0,391804235,1184077.92,6693238.28999
2016-03-01,589333.0,290952335,6026444.93,5691319.06