********,51.931482576,14.9436330555,3.47515777342,********
--------,36.0025972764,11.8471037545,3.03893660615,--------
-73.98816,-73.98372,40.74588,40.75032,00:01,0.0,0.0
-73.97928,-73.97484,40.74144,40.74588,00:07,8.44057871899,0.771638248617
-73.97484,-73.9704,40.6704,40.67484,00:26,27.5620185574,5.14113044759
-73.97484,-73.9704,40.6704,40.67484,00:28,0.0,0.0
-73.9704,-73.96596,40.67484,40.67928,00:33,0.0,0.53947937182
-73.96596,-73.96152,40.6704,40.67484,00:38,0.0,0.539463876608
-73.96152,-73.95708,40.66596,40.6704,00:43,0.0,0.53947937182
-73.95708,-73.95264,40.6704,40.67484,00:48,0.0,0.539494865633
-73.96152,-73.95708,40.6704,40.67484,00:50,0.0,0.232686094035
-73.96152,-73.95708,40.67484,40.67928,00:53,0.0,0.306793277783
-73.96596,-73.96152,40.6704,40.67484,00:57,0.0,0.539463876608
-73.96596,-73.96152,40.67484,40.67928,01:00,0.0,0.306793277783
-73.9704,-73.96596,40.6704,40.67484,01:04,0.0,0.539463876608
-73.9704,-73.96596,40.66596,40.6704,01:07,0.0,0.306793277784
-73.97484,-73.9704,40.66596,40.6704,01:10,0.0,0.23270158785
-73.9704,-73.96596,40.66596,40.6704,01:13,0.0,0.23270158785
-73.9704,-73.96596,40.66152,40.66596,01:16,0.0,0.306793277783
-73.97484,-73.9704,40.66152,40.66596,01:19,0.0,0.232717080266
-73.9704,-73.96596,40.65708,40.66152,01:23,0.0,0.53951035805
--------,25.7776275687,12.0129777072,2.14581498418,--------
-73.98816,-73.98372,40.74588,40.75032,00:01,0.0,0.0
-73.98372,-73.97928,40.73256,40.737,00:08,9.85934883205,1.15280231884
-73.96152,-73.95708,40.71036,40.7148,00:19,15.9182787367,2.69631155579
-73.96152,-73.95708,40.70592,40.71036,00:21,0.0,0.306793277784
-73.95708,-73.95264,40.71036,40.7148,00:24,0.0,0.539355371015
-73.95708,-73.95264,40.70592,40.71036,00:26,0.0,0.306793277784
-73.96152,-73.95708,40.70592,40.71036,00:28,0.0,0.23256209323
-73.95708,-73.95264,40.70592,40.71036,00:30,0.0,0.23256209323
-73.95708,-73.95264,40.71036,40.7148,00:32,0.0,0.306793277784
-73.95708,-73.95264,40.71036,40.7148,00:33,0.0,0.0
-73.95708,-73.95264,40.7148,40.71924,00:35,0.0,0.306793277783
-73.95264,-73.9482,40.7148,40.71924,00:37,0.0,0.232531079061
-73.95264,-73.9482,40.71036,40.7148,00:39,0.0,0.306793277783
-73.9482,-73.94376,40.7148,40.71924,00:42,0.0,0.539339864629
-73.95264,-73.9482,40.7148,40.71924,00:44,0.0,0.232531079063
-73.9482,-73.94376,40.71924,40.72368,00:47,0.0,0.539324356847
-73.95264,-73.9482,40.72368,40.72812,00:50,0.0,0.539308847667
-73.95264,-73.9482,40.72812,40.73256,00:52,0.0,0.306793277784
-73.9482,-73.94376,40.72812,40.73256,00:55,0.0,0.232484547337
-73.94376,-73.93932,40.72812,40.73256,00:58,0.0,0.232484547335
-73.94376,-73.93932,40.73256,40.737,01:01,0.0,0.306793277784
-73.94376,-73.93932,40.73256,40.737,01:02,0.0,0.0
-73.9482,-73.94376,40.72812,40.73256,01:06,0.0,0.539262311752
-73.95264,-73.9482,40.73256,40.737,01:10,0.0,0.539277825121
-73.95264,-73.9482,40.737,40.74144,01:13,0.0,0.306793277784
-73.9482,-73.94376,40.737,40.74144,01:16,0.0,0.232453519206
-73.94376,-73.93932,40.73256,40.737,01:20,0.0,0.539246796989
-73.94376,-73.93932,40.737,40.74144,01:23,0.0,0.306793277784
--------,28.3809931288,12.3467547331,2.2986601534,--------
-73.98816,-73.98372,40.74588,40.75032,00:01,0.0,0.0
-73.89492,-73.89048,40.74588,40.75032,00:21,28.3809931288,4.88087196635
-73.89492,-73.89048,40.75032,40.75476,00:23,0.0,0.306793277783
-73.89048,-73.88604,40.75476,40.7592,00:27,0.0,0.539200244323
-73.89492,-73.89048,40.75032,40.75476,00:31,0.0,0.539184723976
-73.89492,-73.89048,40.74588,40.75032,00:34,0.0,0.306793277783
-73.89048,-73.88604,40.74144,40.74588,00:37,0.0,0.539215763274
-73.88604,-73.8816,40.74144,40.74588,00:39,0.0,0.232438003046
-73.89048,-73.88604,40.737,40.74144,00:42,0.0,0.539231280829
-73.89048,-73.88604,40.73256,40.737,00:44,0.0,0.306793277784
-73.89048,-73.88604,40.72812,40.73256,00:47,0.0,0.306793277784
-73.89048,-73.88604,40.72368,40.72812,00:50,0.0,0.306793277784
-73.89048,-73.88604,40.71924,40.72368,00:53,0.0,0.306793277783
-73.88604,-73.8816,40.71924,40.72368,00:56,0.0,0.232515569883
-73.89048,-73.88604,40.72368,40.72812,01:00,0.0,0.539308847666
-73.88604,-73.8816,40.72368,40.72812,01:03,0.0,0.232500059308
-73.88604,-73.8816,40.71924,40.72368,01:06,0.0,0.306793277783
-73.88604,-73.8816,40.72368,40.72812,01:09,0.0,0.306793277783
-73.88604,-73.8816,40.71924,40.72368,01:12,0.0,0.306793277783
-73.8816,-73.87716,40.71924,40.72368,01:15,0.0,0.232515569883
-73.87716,-73.87272,40.7148,40.71924,01:19,0.0,0.539308847666
-73.87272,-73.86828,40.71924,40.72368,01:23,0.0,0.539324356847
--------,44.817133601,13.8996356043,3.2243387436,--------
-73.98816,-73.98372,40.74588,40.75032,00:01,0.0,0.0
-73.85052,-73.84608,40.72368,40.72812,00:34,44.817133601,8.73906270174
-73.84608,-73.84164,40.71924,40.72368,00:40,0.0,0.53929333709
-73.84608,-73.84164,40.7148,40.71924,00:42,0.0,0.306793277784
-73.84164,-73.8372,40.7148,40.71924,00:45,0.0,0.232531079062
-73.84608,-73.84164,40.7148,40.71924,00:48,0.0,0.232531079062
-73.84608,-73.84164,40.7148,40.71924,00:49,0.0,0.0
-73.84164,-73.8372,40.71924,40.72368,00:53,0.0,0.539324356847
-73.84608,-73.84164,40.72368,40.72812,00:57,0.0,0.539308847667
-73.84164,-73.8372,40.71924,40.72368,01:01,0.0,0.539293337092
-73.84164,-73.8372,40.72368,40.72812,01:04,0.0,0.306793277783
-73.8372,-73.83276,40.71924,40.72368,01:08,0.0,0.539293337091
-73.84164,-73.8372,40.7148,40.71924,01:12,0.0,0.539308847667
-73.84164,-73.8372,40.71924,40.72368,01:15,0.0,0.306793277784
-73.8372,-73.83276,40.71924,40.72368,01:18,0.0,0.232515569883
-73.8372,-73.83276,40.7148,40.71924,01:21,0.0,0.306793277784
--------,43.133859241,12.403761411,3.47748217751,--------
-73.98816,-73.98372,40.74588,40.75032,00:01,0.0,0.0
-73.92156,-73.91712,40.67928,40.68372,00:31,43.133859241,8.08823636586
-73.926,-73.92156,40.68372,40.68816,00:37,0.0,0.53944838
-73.92156,-73.91712,40.67928,40.68372,00:43,0.0,0.539432881994
-73.92156,-73.91712,40.68372,40.68816,00:48,0.0,0.306793277784
-73.92156,-73.91712,40.68372,40.68816,00:51,0.0,0.0
-73.91712,-73.91268,40.68816,40.6926,00:57,0.0,0.539432881996
-73.91268,-73.90824,40.68372,40.68816,01:03,0.0,0.539417382592
-73.91712,-73.91268,40.67928,40.68372,01:09,0.0,0.539432881994
-73.91268,-73.90824,40.67928,40.68372,01:13,0.0,0.232655102216
-73.90824,-73.9038,40.67484,40.67928,01:19,0.0,0.53944838
-73.9038,-73.89936,40.6704,40.67484,01:25,0.0,0.539463876608
--------,68.4865149908,15.5192838159,4.41299455588,--------
-73.98816,-73.98372,40.74588,40.75032,00:01,0.0,0.0
-73.99704,-73.9926,40.72368,40.72812,00:11,14.8335819657,1.99881135975
-73.83276,-73.82832,40.75032,40.75476,00:48,53.6529330251,10.4432606076
-73.8372,-73.83276,40.74588,40.75032,00:53,0.0,0.539200244323
-73.83276,-73.82832,40.75032,40.75476,00:58,0.0,0.539215763274
-73.82832,-73.82388,40.74588,40.75032,01:03,0.0,0.539200244323
-73.83276,-73.82832,40.75032,40.75476,01:08,0.0,0.539215763274
-73.83276,-73.82832,40.74588,40.75032,01:12,0.0,0.306793277783
-73.83276,-73.82832,40.74588,40.75032,01:14,0.0,0.0
-73.83276,-73.82832,40.75032,40.75476,01:18,0.0,0.306793277783
-73.83276,-73.82832,40.75032,40.75476,01:20,0.0,0.0
-73.83276,-73.82832,40.75476,40.7592,01:24,0.0,0.306793277784
--------,26.6717315091,11.4712014882,2.32510356796,--------
-73.98816,-73.98372,40.74588,40.75032,00:01,0.0,0.0
-73.97928,-73.97484,40.74144,40.74588,00:07,9.31940975354,0.771638248617
-73.97484,-73.9704,40.74144,40.74588,00:10,0.0,0.232438003045
-73.9704,-73.96596,40.74588,40.75032,00:13,0.0,0.53923128083
-73.97484,-73.9704,40.74588,40.75032,00:15,0.0,0.232422485491
-73.97484,-73.9704,40.74144,40.74588,00:18,0.0,0.306793277784
-73.96152,-73.95708,40.77696,40.7814,00:30,17.3523217555,3.15166023081
-73.95708,-73.95264,40.77696,40.7814,00:32,0.0,0.232313823529
-73.95708,-73.95264,40.77252,40.77696,00:35,0.0,0.306793277783
-73.96152,-73.95708,40.76808,40.77252,00:39,0.0,0.539122628636
-73.96596,-73.96152,40.76808,40.77252,00:41,0.0,0.23234487678
-73.9704,-73.96596,40.77252,40.77696,00:44,0.0,0.539138154564
-73.97484,-73.9704,40.77696,40.7814,00:48,0.0,0.539122628636
-73.9704,-73.96596,40.77252,40.77696,00:52,0.0,0.539107101313
-73.9704,-73.96596,40.77696,40.7814,00:55,0.0,0.306793277783
-73.9704,-73.96596,40.77696,40.7814,00:56,0.0,0.0
-73.97484,-73.9704,40.77696,40.7814,00:59,0.0,0.232313823529
-73.97928,-73.97484,40.77252,40.77696,01:03,0.0,0.539107101311
-73.98372,-73.97928,40.77696,40.7814,01:06,0.0,0.539122628636
-73.98372,-73.97928,40.7814,40.78584,01:09,0.0,0.306793277784
-73.97928,-73.97484,40.78584,40.79028,01:12,0.0,0.539091572595
-73.97928,-73.97484,40.79028,40.79472,01:16,0.0,0.306793277784
-73.98372,-73.97928,40.79472,40.79916,01:22,0.0,0.539060510973
--------,25.0900404771,12.4840135131,2.00977357568,--------
-73.98816,-73.98372,40.74588,40.75032,00:01,0.0,0.0
-73.9482,-73.94376,40.7814,40.78584,00:20,25.0900404771,4.54614857385
-73.9482,-73.94376,40.7814,40.78584,00:21,0.0,0.0
-73.94376,-73.93932,40.77696,40.7814,00:24,0.0,0.539091572594
-73.93932,-73.93488,40.7814,40.78584,00:28,0.0,0.539107101313
-73.94376,-73.93932,40.77696,40.7814,00:32,0.0,0.539091572594
-73.9482,-73.94376,40.77696,40.7814,00:35,0.0,0.232313823528
-73.95264,-73.9482,40.7814,40.78584,00:38,0.0,0.539107101314
-73.9482,-73.94376,40.78584,40.79028,00:41,0.0,0.539091572595
-73.94376,-73.93932,40.78584,40.79028,00:43,0.0,0.232282764696
-73.93932,-73.93488,40.7814,40.78584,00:46,0.0,0.539076042481
-73.93488,-73.93044,40.77696,40.7814,00:50,0.0,0.539091572594
-73.93488,-73.93044,40.77696,40.7814,00:51,0.0,0.0
-73.93488,-73.93044,40.77696,40.7814,00:52,0.0,0.0
-73.93932,-73.93488,40.77252,40.77696,00:56,0.0,0.539107101312
-73.94376,-73.93932,40.76808,40.77252,01:00,0.0,0.539122628636
-73.9482,-73.94376,40.76364,40.76808,01:04,0.0,0.539138154563
-73.94376,-73.93932,40.76364,40.76808,01:07,0.0,0.232360401312
-73.94376,-73.93932,40.76364,40.76808,01:08,0.0,0.0
-73.9482,-73.94376,40.7592,40.76364,01:12,0.0,0.539153679097
-73.94376,-73.93932,40.7592,40.76364,01:15,0.0,0.23237592445
-73.93932,-73.93488,40.75476,40.7592,01:19,0.0,0.539169202234
-73.93488,-73.93044,40.75032,40.75476,01:23,0.0,0.539184723977
--------,60.7345649888,14.9470948418,4.06330230936,--------
-73.98816,-73.98372,40.74588,40.75032,00:01,0.0,0.0
-73.97484,-73.9704,40.73256,40.737,00:10,11.3872522186,1.61764728923
-73.97928,-73.97484,40.73256,40.737,00:14,0.0,0.232469033968
-73.97928,-73.97484,40.737,40.74144,00:16,0.0,0.306793277784
-73.97484,-73.9704,40.74144,40.74588,00:19,0.0,0.539246796988
-73.95708,-73.95264,40.76364,40.76808,00:29,15.5391628565,2.46371839962
-73.88604,-73.8816,40.81692,40.82136,00:56,33.8081499136,7.39928565328
-73.88604,-73.8816,40.81692,40.82136,00:58,0.0,0.0
-73.89048,-73.88604,40.82136,40.8258,01:03,0.0,0.538967292635
-73.89492,-73.89048,40.82136,40.8258,01:06,0.0,0.232158473581
-73.89936,-73.89492,40.8258,40.83024,01:11,0.0,0.538951751367
-73.9038,-73.89936,40.83024,40.83468,01:16,0.0,0.538936208701
-73.90824,-73.9038,40.8258,40.83024,01:21,0.0,0.538920664644
--------,53.5986032303,13.2415612545,4.04775556298,--------
-73.98816,-73.98372,40.74588,40.75032,00:01,0.0,0.0
-73.97928,-73.97484,40.75032,40.75476,00:07,6.16451101411,0.771638248616
-73.98372,-73.97928,40.72812,40.73256,00:17,13.7506314863,1.76637335546
-73.94376,-73.93932,40.66596,40.6704,00:41,33.6834607299,6.38746679717
-73.94376,-73.93932,40.66596,40.6704,00:42,0.0,0.0
-73.9482,-73.94376,40.66152,40.66596,00:45,0.0,0.539494865632
-73.9482,-73.94376,40.65708,40.66152,00:48,0.0,0.306793277784
-73.94376,-73.93932,40.65708,40.66152,00:51,0.0,0.232732571284
-73.93932,-73.93488,40.65264,40.65708,00:55,0.0,0.539525849068
-73.94376,-73.93932,40.65708,40.66152,00:59,0.0,0.539541338689
-73.94376,-73.93932,40.65708,40.66152,01:00,0.0,0.0
-73.93932,-73.93488,40.65708,40.66152,01:03,0.0,0.232732571284
-73.93932,-73.93488,40.65708,40.66152,01:04,0.0,0.0
-73.93932,-73.93488,40.66152,40.66596,01:07,0.0,0.306793277784
-73.93488,-73.93044,40.66596,40.6704,01:11,0.0,0.539510358049
-73.93488,-73.93044,40.6704,40.67484,01:14,0.0,0.306793277784
-73.93488,-73.93044,40.6704,40.67484,01:15,0.0,0.0
-73.93488,-73.93044,40.6704,40.67484,01:16,0.0,0.0
-73.93044,-73.926,40.6704,40.67484,01:19,0.0,0.232686094035
-73.93488,-73.93044,40.66596,40.6704,01:23,0.0,0.539479371819
--------,45.5645234049,12.9528462758,3.51772285679,--------
-73.98816,-73.98372,40.74588,40.75032,00:01,0.0,0.0
-73.97928,-73.97484,40.75476,40.7592,00:08,7.70833848873,1.0784315264
-73.97928,-73.97484,40.75032,40.75476,00:11,0.0,0.306793277784
-73.95264,-73.9482,40.71924,40.72368,00:27,21.0251503368,3.54199473852
-73.95708,-73.95264,40.71924,40.72368,00:29,0.0,0.232515569882
-73.95708,-73.95264,40.71924,40.72368,00:30,0.0,0.0
-73.95264,-73.9482,40.71924,40.72368,00:32,0.0,0.232515569882
-73.9482,-73.94376,40.7148,40.71924,00:35,0.0,0.539308847668
-73.9482,-73.94376,40.71036,40.7148,00:37,0.0,0.306793277783
-73.95264,-73.9482,40.71036,40.7148,00:39,0.0,0.232546586846
-73.9038,-73.89936,40.70592,40.71036,00:50,16.8310345793,2.8648057004
-73.89936,-73.89492,40.71036,40.7148,00:54,0.0,0.539355371014
-73.89936,-73.89492,40.7148,40.71924,00:57,0.0,0.306793277783
-73.89936,-73.89492,40.71036,40.7148,01:00,0.0,0.306793277783
-73.89492,-73.89048,40.70592,40.71036,01:04,0.0,0.53933986463
-73.89492,-73.89048,40.70592,40.71036,01:05,0.0,0.0
-73.89048,-73.88604,40.70148,40.70592,01:09,0.0,0.539355371014
-73.89492,-73.89048,40.70148,40.70592,01:12,0.0,0.232577598219
-73.89492,-73.89048,40.70592,40.71036,01:15,0.0,0.306793277784
-73.89492,-73.89048,40.71036,40.7148,01:18,0.0,0.306793277784
-73.89048,-73.88604,40.70592,40.71036,01:22,0.0,0.539339864628
--------,98.5291770011,16.2612239802,6.05914887593,--------
-73.98816,-73.98372,40.74588,40.75032,00:01,0.0,0.0
-73.96596,-73.96152,40.75476,40.7592,00:10,13.9062467459,1.77569898005
-73.96596,-73.96152,40.7592,40.76364,00:12,0.0,0.306793277784
-73.9926,-73.98816,40.74144,40.74588,00:23,17.6230948273,2.62142865263
-73.99704,-73.9926,40.74144,40.74588,00:26,5.74388487421,0.232438003046
-73.99704,-73.9926,40.74144,40.74588,00:28,0.0,0.0
-74.00148,-73.99704,40.74144,40.74588,00:31,0.0,0.232438003045
-73.98816,-73.98372,40.72812,40.73256,00:38,13.5694347475,1.61769384189
-74.00592,-74.00148,40.73256,40.737,00:45,10.3716797569,1.23673146564
-73.95708,-73.95264,40.6704,40.67484,01:11,37.3148360494,6.85226522993
-73.95264,-73.9482,40.6704,40.67484,01:13,0.0,0.232686094035
-73.95264,-73.9482,40.67484,40.67928,01:16,0.0,0.306793277783
-73.9482,-73.94376,40.6704,40.67484,01:20,0.0,0.539463876609
-73.9482,-73.94376,40.66596,40.6704,01:23,0.0,0.306793277784
--------,36.6443074151,10.394197933,3.52545791903,--------
-73.98816,-73.98372,40.74588,40.75032,00:01,0.0,0.0
-73.98372,-73.97928,40.73256,40.737,00:08,10.5166045522,1.15280231884
-73.98372,-73.97928,40.737,40.74144,00:11,0.0,0.306793277784
-73.98372,-73.97928,40.74144,40.74588,00:14,0.0,0.306793277783
-73.98816,-73.98372,40.74144,40.74588,00:17,0.0,0.232438003046
-73.98816,-73.98372,40.7592,40.76364,00:23,8.83642095027,1.22717311114
-73.97928,-73.97484,40.74144,40.74588,00:33,10.9491845544,1.69192495989
-73.9704,-73.96596,40.74588,40.75032,00:37,6.34209735817,0.771669283727
-73.97484,-73.9704,40.74144,40.74588,00:40,0.0,0.539215763275
-73.9704,-73.96596,40.737,40.74144,00:43,0.0,0.53923128083
-73.96596,-73.96152,40.737,40.74144,00:46,0.0,0.232453519205
-73.96596,-73.96152,40.737,40.74144,00:48,0.0,0.0
-73.96596,-73.96152,40.74144,40.74588,00:51,0.0,0.306793277783
-73.96152,-73.95708,40.74144,40.74588,00:54,0.0,0.232438003046
-73.96596,-73.96152,40.737,40.74144,00:57,0.0,0.539231280829
-73.9704,-73.96596,40.73256,40.737,01:01,0.0,0.539246796989
-73.9704,-73.96596,40.72812,40.73256,01:04,0.0,0.306793277784
-73.97484,-73.9704,40.72812,40.73256,01:07,0.0,0.232484547337
-73.9704,-73.96596,40.72812,40.73256,01:10,0.0,0.232484547337
-73.97484,-73.9704,40.72812,40.73256,01:13,0.0,0.232484547337
-73.97928,-73.97484,40.73256,40.737,01:17,0.0,0.539277825119
-73.97928,-73.97484,40.73256,40.737,01:18,0.0,0.0
-73.98372,-73.97928,40.73256,40.737,01:21,0.0,0.232469033969
--------,61.9443320182,12.1595468491,5.09429609398,--------
-73.98816,-73.98372,40.74588,40.75032,00:01,0.0,0.0
-73.98816,-73.98372,40.75476,40.7592,00:06,6.51567432279,0.613586555568
-73.97484,-73.9704,40.74588,40.75032,00:15,10.3649184102,1.31076089355
-73.97484,-73.9704,40.74144,40.74588,00:18,0.0,0.306793277784
-73.9704,-73.96596,40.74588,40.75032,00:21,0.0,0.53923128083
-73.97484,-73.9704,40.74588,40.75032,00:23,0.0,0.232422485491
-73.97484,-73.9704,40.74144,40.74588,00:26,0.0,0.306793277784
-73.98372,-73.97928,40.737,40.74144,00:30,7.06653633294,0.771669283726
-73.97928,-73.97484,40.74144,40.74588,00:34,0.0,0.539246796989
-73.9926,-73.98816,40.75476,40.7592,00:41,11.820758395,1.61769384189
-73.97928,-73.97484,40.74588,40.75032,00:51,11.2161765549,1.31076089355
-73.97928,-73.97484,40.7814,40.78584,01:01,14.9602680023,2.45434622227
-73.98372,-73.97928,40.78584,40.79028,01:05,0.0,0.539091572595
-73.98372,-73.97928,40.79028,40.79472,01:09,0.0,0.306793277784
-73.98372,-73.97928,40.79028,40.79472,01:11,0.0,0.0
-73.97928,-73.97484,40.79472,40.79916,01:16,0.0,0.539060510973
-73.98372,-73.97928,40.79472,40.79916,01:19,0.0,0.232251700286
-73.97928,-73.97484,40.79916,40.8036,01:24,0.0,0.53904497807
--------,24.2637744303,10.7766650661,2.25151048878,--------
-73.98816,-73.98372,40.74588,40.75032,00:01,0.0,0.0
-73.98816,-73.98372,40.71036,40.7148,00:12,15.9834641583,2.45434622227
-73.98816,-73.98372,40.70592,40.71036,00:17,0.0,0.306793277784
-73.9926,-73.98816,40.70592,40.71036,00:21,0.0,0.23256209323
-73.99704,-73.9926,40.71036,40.7148,00:27,0.0,0.539355371015
-73.9926,-73.98816,40.70592,40.71036,00:30,0.0,0.539339864629
-73.99704,-73.9926,40.71036,40.7148,00:34,0.0,0.539355371015
-73.9926,-73.98816,40.71036,40.7148,00:36,0.0,0.232546586845
-73.98816,-73.98372,40.70592,40.71036,00:39,0.0,0.539339864628
-73.98372,-73.97928,40.71036,40.7148,00:43,0.0,0.539355371015
-73.97928,-73.97484,40.7148,40.71924,00:47,0.0,0.539339864628
-73.97484,-73.9704,40.71924,40.72368,00:51,0.0,0.539324356845
-73.97484,-73.9704,40.72368,40.72812,00:54,0.0,0.306793277783
-73.97484,-73.9704,40.72368,40.72812,00:55,0.0,0.0
-73.97484,-73.9704,40.72368,40.72812,00:56,0.0,0.0
-73.97928,-73.97484,40.72812,40.73256,00:59,0.0,0.539293337091
-73.97928,-73.97484,40.72812,40.73256,01:00,0.0,0.0
-73.98372,-73.97928,40.72812,40.73256,01:02,0.0,0.232484547337
-73.97484,-73.9704,40.71924,40.72368,01:09,8.280310272,1.07855565009
-73.97928,-73.97484,40.72368,40.72812,01:15,0.0,0.539308847665
-73.97928,-73.97484,40.72368,40.72812,01:17,0.0,0.0
-73.97484,-73.9704,40.72812,40.73256,01:20,0.0,0.539293337091
-73.9704,-73.96596,40.72368,40.72812,01:25,0.0,0.539277825121
--------,42.3644203563,12.403761411,3.41544947152,--------
-73.98816,-73.98372,40.74588,40.75032,00:01,0.0,0.0
-73.92156,-73.91712,40.67928,40.68372,00:31,42.3644203563,8.08823636586
-73.926,-73.92156,40.68372,40.68816,00:37,0.0,0.53944838
-73.92156,-73.91712,40.67928,40.68372,00:43,0.0,0.539432881994
-73.92156,-73.91712,40.68372,40.68816,00:48,0.0,0.306793277784
-73.92156,-73.91712,40.68372,40.68816,00:51,0.0,0.0
-73.91712,-73.91268,40.68816,40.6926,00:57,0.0,0.539432881996
-73.91268,-73.90824,40.68372,40.68816,01:03,0.0,0.539417382592
-73.91712,-73.91268,40.67928,40.68372,01:09,0.0,0.539432881994
-73.91268,-73.90824,40.67928,40.68372,01:13,0.0,0.232655102216
-73.90824,-73.9038,40.67484,40.67928,01:19,0.0,0.53944838
-73.9038,-73.89936,40.6704,40.67484,01:25,0.0,0.539463876608
--------,62.4727725146,13.8429686701,4.51296062307,--------
-73.98816,-73.98372,40.74588,40.75032,00:01,0.0,0.0
-73.99704,-73.9926,40.70148,40.70592,00:16,19.2790000744,3.53277774867
-73.99704,-73.9926,40.70592,40.71036,00:18,0.0,0.306793277784
-74.00148,-73.99704,40.71036,40.7148,00:22,0.0,0.539355371014
-73.99704,-73.9926,40.70592,40.71036,00:25,0.0,0.539339864628
-73.99704,-73.9926,40.71036,40.7148,00:28,0.0,0.306793277784
-73.99704,-73.9926,40.70592,40.71036,00:30,0.0,0.306793277784
-73.99704,-73.9926,40.71036,40.7148,00:33,0.0,0.306793277784
-73.99704,-73.9926,40.7148,40.71924,00:35,0.0,0.306793277783
-73.9926,-73.98816,40.72812,40.73256,00:40,9.78104243287,1.15291091241
-74.00148,-73.99704,40.74144,40.74588,00:47,9.47823705225,1.38534892787
-73.98816,-73.98372,40.7592,40.76364,00:55,13.9685987122,1.92448711968
-73.97928,-73.97484,40.77252,40.77696,01:04,9.96589424288,1.38513168211
-73.97484,-73.9704,40.77696,40.7814,01:07,0.0,0.539122628635
-73.97484,-73.9704,40.77696,40.7814,01:08,0.0,0.0
-73.97928,-73.97484,40.77696,40.7814,01:11,0.0,0.232313823528
-73.98372,-73.97928,40.77252,40.77696,01:14,0.0,0.539107101313
-73.98372,-73.97928,40.77696,40.7814,01:16,0.0,0.306793277783
-73.98372,-73.97928,40.77696,40.7814,01:18,0.0,0.0
-73.98372,-73.97928,40.77696,40.7814,01:20,0.0,0.0
-73.97928,-73.97484,40.77696,40.7814,01:22,0.0,0.232313823529
--------,29.9239183834,13.1618996819,2.27352579085,--------
-73.98816,-73.98372,40.74588,40.75032,00:01,0.0,0.0
-73.97928,-73.97484,40.75032,40.75476,00:07,9.0136465561,0.771638248616
-73.95264,-73.9482,40.7814,40.78584,00:23,20.9102718273,3.54199473852
-73.9482,-73.94376,40.78584,40.79028,00:26,0.0,0.539091572595
-73.9482,-73.94376,40.79028,40.79472,00:28,0.0,0.306793277784
-73.95264,-73.9482,40.79028,40.79472,00:30,0.0,0.23226723319
-73.95264,-73.9482,40.78584,40.79028,00:32,0.0,0.306793277784
-73.95264,-73.9482,40.79028,40.79472,00:34,0.0,0.306793277784
-73.95708,-73.95264,40.79472,40.79916,00:37,0.0,0.539060510971
-73.96152,-73.95708,40.79916,40.8036,00:41,0.0,0.53904497807
-73.95708,-73.95264,40.8036,40.80804,00:44,0.0,0.539029443771
-73.95708,-73.95264,40.79916,40.8036,00:46,0.0,0.306793277783
-73.95264,-73.9482,40.79472,40.79916,00:49,0.0,0.539029443771
-73.95708,-73.95264,40.79472,40.79916,00:51,0.0,0.232251700285
-73.95708,-73.95264,40.79916,40.8036,00:54,0.0,0.306793277784
-73.95708,-73.95264,40.79472,40.79916,00:56,0.0,0.306793277784
-73.96152,-73.95708,40.79916,40.8036,01:00,0.0,0.53904497807
-73.96596,-73.96152,40.8036,40.80804,01:03,0.0,0.539029443771
-73.9704,-73.96596,40.8036,40.80804,01:05,0.0,0.232220630295
-73.96596,-73.96152,40.8036,40.80804,01:07,0.0,0.232220630295
-73.96152,-73.95708,40.79916,40.8036,01:10,0.0,0.539013908079
-73.96152,-73.95708,40.79472,40.79916,01:12,0.0,0.306793277784
-73.96152,-73.95708,40.79916,40.8036,01:15,0.0,0.306793277784
-73.96596,-73.96152,40.8036,40.80804,01:18,0.0,0.539029443771
-73.96596,-73.96152,40.80804,40.81248,01:20,0.0,0.306793277784
-73.96596,-73.96152,40.81248,40.81692,01:22,0.0,0.306793277784
--------,69.0748393816,16.7077279476,4.13430477192,--------
-73.98816,-73.98372,40.74588,40.75032,00:01,0.0,0.0
-73.97484,-73.9704,40.75032,40.75476,00:08,9.66612233843,1.00406073366
-73.97484,-73.9704,40.74588,40.75032,00:11,0.0,0.306793277783
-73.9704,-73.96596,40.74144,40.74588,00:14,0.0,0.539215763275
-73.97484,-73.9704,40.737,40.74144,00:19,0.0,0.53923128083
-73.97928,-73.97484,40.737,40.74144,00:22,0.0,0.232453519204
-73.97484,-73.9704,40.737,40.74144,00:24,0.0,0.232453519204
-73.97928,-73.97484,40.73256,40.737,00:28,0.0,0.539246796989
-73.97484,-73.9704,40.72812,40.73256,00:31,0.0,0.539262311752
-73.97928,-73.97484,40.72368,40.72812,00:35,0.0,0.53927782512
-73.98372,-73.97928,40.72368,40.72812,00:37,0.0,0.232500059308
-73.99704,-73.9926,40.71924,40.72368,00:42,8.74886837496,1.00429345511
-73.94376,-73.93932,40.83024,40.83468,01:20,50.6598486682,10.4600187407
-73.9482,-73.94376,40.83468,40.83912,01:25,0.0,0.538920664643
--------,32.1772908703,13.3249792532,2.41480982889,--------
-73.98816,-73.98372,40.74588,40.75032,00:01,0.0,0.0
-74.0148,-74.01036,40.71924,40.72368,00:15,19.7036212285,3.23529457444
-74.01036,-74.00592,40.7148,40.71924,00:18,0.0,0.539308847667
-73.99704,-73.9926,40.69704,40.70148,00:26,12.4736696418,1.92476634773
-73.9926,-73.98816,40.69704,40.70148,00:28,0.0,0.232593101814
-73.99704,-73.9926,40.70148,40.70592,00:31,0.0,0.539386379598
-73.9926,-73.98816,40.69704,40.70148,00:34,0.0,0.539370876005
-73.99704,-73.9926,40.70148,40.70592,00:37,0.0,0.539386379598
-73.9926,-73.98816,40.69704,40.70148,00:40,0.0,0.539370876005
-73.98816,-73.98372,40.69704,40.70148,00:42,0.0,0.232593101812
-73.98816,-73.98372,40.69704,40.70148,00:43,0.0,0.0
-73.98372,-73.97928,40.6926,40.69704,00:46,0.0,0.539386379596
-73.97928,-73.97484,40.68816,40.6926,00:49,0.0,0.539401881793
-73.97484,-73.9704,40.6926,40.69704,00:52,0.0,0.539417382591
-73.97484,-73.9704,40.68816,40.6926,00:55,0.0,0.306793277783
-73.97484,-73.9704,40.6926,40.69704,00:57,0.0,0.306793277783
-73.97928,-73.97484,40.69704,40.70148,01:01,0.0,0.539401881792
-73.97928,-73.97484,40.70148,40.70592,01:04,0.0,0.306793277784
-73.97484,-73.9704,40.70148,40.70592,01:07,0.0,0.232577598219
-73.97484,-73.9704,40.70592,40.71036,01:10,0.0,0.306793277784
-73.97484,-73.9704,40.70148,40.70592,01:13,0.0,0.306793277784
-73.97928,-73.97484,40.69704,40.70148,01:17,0.0,0.539370876004
-73.97484,-73.9704,40.69704,40.70148,01:20,0.0,0.232593101812
-73.97484,-73.9704,40.6926,40.69704,01:23,0.0,0.306793277783
--------,27.5974211376,11.4907995075,2.40169721172,--------
-73.98816,-73.98372,40.74588,40.75032,00:01,0.0,0.0
-74.00148,-73.99704,40.75032,40.75476,00:08,7.38019966034,1.00406073366
-74.00592,-74.00148,40.74588,40.75032,00:11,0.0,0.539200244324
-74.01036,-74.00592,40.74588,40.75032,00:13,0.0,0.23242248549
-74.01036,-74.00592,40.75032,40.75476,00:15,0.0,0.306793277783
-74.0148,-74.01036,40.75032,40.75476,00:18,0.0,0.232406966539
-74.0148,-74.01036,40.75032,40.75476,00:19,0.0,0.0
-74.0148,-74.01036,40.75032,40.75476,00:20,0.0,0.0
-74.01924,-74.0148,40.75476,40.7592,00:24,0.0,0.539200244324
-74.01924,-74.0148,40.75032,40.75476,00:27,0.0,0.306793277784
-74.02368,-74.01924,40.75032,40.75476,00:30,0.0,0.232406966539
-74.02812,-74.02368,40.75476,40.7592,00:34,0.0,0.539200244325
-73.97484,-73.9704,40.75476,40.7592,00:51,0.0,2.78869731179
-73.98372,-73.97928,40.71924,40.72368,01:05,20.2172214772,2.91912911451
-73.98816,-73.98372,40.7148,40.71924,01:12,0.0,0.539308847667
-73.9926,-73.98816,40.7148,40.71924,01:14,0.0,0.232531079061
-73.99704,-73.9926,40.71036,40.7148,01:17,0.0,0.539324356846
-73.99704,-73.9926,40.7148,40.71924,01:19,0.0,0.306793277783
-74.00148,-73.99704,40.7148,40.71924,01:21,0.0,0.232531079061
--------,34.1022780675,10.2628191926,3.32289572946,--------
-73.98816,-73.98372,40.74588,40.75032,00:01,0.0,0.0
-73.9038,-73.89936,40.77252,40.77696,00:25,34.1022780675,6.25678672154
-73.89936,-73.89492,40.77252,40.77696,00:29,0.0,0.232329350851
-73.89492,-73.89048,40.77696,40.7814,00:35,0.0,0.539122628637
-73.89492,-73.89048,40.77696,40.7814,00:38,0.0,0.0
-73.89048,-73.88604,40.7814,40.78584,00:44,0.0,0.539107101312
-73.88604,-73.8816,40.77696,40.7814,00:50,0.0,0.539091572594
-73.88604,-73.8816,40.77696,40.7814,00:53,0.0,0.0
-73.88604,-73.8816,40.77696,40.7814,00:56,0.0,0.0
-73.89048,-73.88604,40.77696,40.7814,01:00,0.0,0.232313823529
-73.89492,-73.89048,40.7814,40.78584,01:06,0.0,0.539107101312
-73.89492,-73.89048,40.78584,40.79028,01:11,0.0,0.306793277784
-73.89048,-73.88604,40.7814,40.78584,01:17,0.0,0.53907604248
-73.89492,-73.89048,40.77696,40.7814,01:23,0.0,0.539091572594
--------,65.2679023605,23.5689122483,2.7692369369,--------
-73.98816,-73.98372,40.74588,40.75032,00:01,0.0,0.0
-73.98816,-73.98372,40.74588,40.75032,00:04,5.03357145056,0.0
-73.96152,-73.95708,40.59492,40.59936,00:47,60.2343309099,11.8255063524
-73.97484,-73.9704,40.75476,40.7592,01:55,0.0,11.7434058959
--------,98.9324971232,21.9974760825,4.49744765046,--------
-73.98816,-73.98372,40.74588,40.75032,00:01,0.0,0.0
-73.99704,-73.9926,40.70148,40.70592,00:16,21.0731455347,3.53277774867
-73.99704,-73.9926,40.70592,40.71036,00:18,0.0,0.306793277784
-74.00148,-73.99704,40.71036,40.7148,00:22,0.0,0.539355371014
-73.99704,-73.9926,40.70592,40.71036,00:25,0.0,0.539339864628
-73.99704,-73.9926,40.71036,40.7148,00:28,0.0,0.306793277784
-73.99704,-73.9926,40.70592,40.71036,00:30,0.0,0.306793277784
-73.99704,-73.9926,40.71036,40.7148,00:33,0.0,0.306793277784
-73.99704,-73.9926,40.7148,40.71924,00:35,0.0,0.306793277783
-74.00148,-73.99704,40.7148,40.71924,00:37,0.0,0.232531079061
-73.99704,-73.9926,40.71924,40.72368,00:40,0.0,0.539324356845
-74.01036,-74.00592,40.71924,40.72368,00:45,6.21555064535,0.697546709054
-73.99704,-73.9926,40.71924,40.72368,00:49,8.6793545713,0.697546709054
-73.97928,-73.97484,40.75476,40.7592,01:03,19.7373127993,3.38440850032
-73.97484,-73.9704,40.75032,40.75476,01:07,0.0,0.539184723976
-73.97928,-73.97484,40.75032,40.75476,01:10,0.0,0.232406966539
-74.0148,-74.01036,40.63932,40.64376,01:45,43.2271335726,9.52908766442
--------,24.7042627353,12.9298655773,1.91063569746,--------
-73.98816,-73.98372,40.74588,40.75032,00:01,0.0,0.0
-73.9704,-73.96596,40.79028,40.79472,00:18,24.7042627353,3.99762271831
-73.96596,-73.96152,40.79028,40.79472,00:20,0.0,0.232267233188
-73.96152,-73.95708,40.79028,40.79472,00:22,0.0,0.232267233188
-73.95708,-73.95264,40.79028,40.79472,00:25,0.0,0.232267233188
-73.96152,-73.95708,40.79028,40.79472,00:27,0.0,0.232267233188
-73.95708,-73.95264,40.78584,40.79028,00:31,0.0,0.539060510973
-73.95708,-73.95264,40.7814,40.78584,00:33,0.0,0.306793277784
-73.96152,-73.95708,40.78584,40.79028,00:36,0.0,0.539091572594
-73.95708,-73.95264,40.79028,40.79472,00:40,0.0,0.539076042481
-73.95708,-73.95264,40.79472,40.79916,00:42,0.0,0.306793277783
-73.95264,-73.9482,40.79028,40.79472,00:46,0.0,0.539044978068
-73.95708,-73.95264,40.78584,40.79028,00:49,0.0,0.539060510972
-73.95708,-73.95264,40.7814,40.78584,00:51,0.0,0.306793277784
-73.95264,-73.9482,40.77696,40.7814,00:54,0.0,0.539091572594
-73.95264,-73.9482,40.77252,40.77696,00:57,0.0,0.306793277783
-73.9482,-73.94376,40.76808,40.77252,01:00,0.0,0.539122628637
-73.95264,-73.9482,40.76364,40.76808,01:04,0.0,0.539138154565
-73.95264,-73.9482,40.76808,40.77252,01:07,0.0,0.306793277783
-73.95264,-73.9482,40.76808,40.77252,01:08,0.0,0.0
-73.9482,-73.94376,40.77252,40.77696,01:12,0.0,0.539138154566
-73.94376,-73.93932,40.76808,40.77252,01:16,0.0,0.539122628636
-73.9482,-73.94376,40.77252,40.77696,01:20,0.0,0.539138154564
-73.95264,-73.9482,40.76808,40.77252,01:24,0.0,0.539122628637
--------,78.2220956603,28.7120093669,2.72436856163,--------
-73.98816,-73.98372,40.74588,40.75032,00:01,0.0,0.0
-73.98816,-73.98372,40.75476,40.7592,00:06,7.27770614508,0.613586555568
-73.73064,-73.7262,40.76808,40.77252,00:59,70.9443895152,14.3990788784
-73.97484,-73.9704,40.75476,40.7592,02:20,0.0,13.6993439329
--------,26.1378587831,12.4840135131,2.09370638342,--------
-73.98816,-73.98372,40.74588,40.75032,00:01,0.0,0.0
-73.9482,-73.94376,40.7814,40.78584,00:20,26.1378587831,4.54614857385
-73.9482,-73.94376,40.7814,40.78584,00:21,0.0,0.0
-73.94376,-73.93932,40.77696,40.7814,00:24,0.0,0.539091572594
-73.93932,-73.93488,40.7814,40.78584,00:28,0.0,0.539107101313
-73.94376,-73.93932,40.77696,40.7814,00:32,0.0,0.539091572594
-73.9482,-73.94376,40.77696,40.7814,00:35,0.0,0.232313823528
-73.95264,-73.9482,40.7814,40.78584,00:38,0.0,0.539107101314
-73.9482,-73.94376,40.78584,40.79028,00:41,0.0,0.539091572595
-73.94376,-73.93932,40.78584,40.79028,00:43,0.0,0.232282764696
-73.93932,-73.93488,40.7814,40.78584,00:46,0.0,0.539076042481
-73.93488,-73.93044,40.77696,40.7814,00:50,0.0,0.539091572594
-73.93488,-73.93044,40.77696,40.7814,00:51,0.0,0.0
-73.93488,-73.93044,40.77696,40.7814,00:52,0.0,0.0
-73.93932,-73.93488,40.77252,40.77696,00:56,0.0,0.539107101312
-73.94376,-73.93932,40.76808,40.77252,01:00,0.0,0.539122628636
-73.9482,-73.94376,40.76364,40.76808,01:04,0.0,0.539138154563
-73.94376,-73.93932,40.76364,40.76808,01:07,0.0,0.232360401312
-73.94376,-73.93932,40.76364,40.76808,01:08,0.0,0.0
-73.9482,-73.94376,40.7592,40.76364,01:12,0.0,0.539153679097
-73.94376,-73.93932,40.7592,40.76364,01:15,0.0,0.23237592445
-73.93932,-73.93488,40.75476,40.7592,01:19,0.0,0.539169202234
-73.93488,-73.93044,40.75032,40.75476,01:23,0.0,0.539184723977
--------,23.915346218,10.2457821894,2.33416500331,--------
-73.98816,-73.98372,40.74588,40.75032,00:01,0.0,0.0
-73.97928,-73.97484,40.7592,40.76364,00:09,9.24751807252,1.38522480418
-73.98372,-73.97928,40.737,40.74144,00:18,14.6678281454,1.76634231337
-73.97928,-73.97484,40.737,40.74144,00:21,0.0,0.232453519206
-73.97484,-73.9704,40.73256,40.737,00:24,0.0,0.539246796989
-73.9704,-73.96596,40.72812,40.73256,00:28,0.0,0.539262311753
-73.97484,-73.9704,40.73256,40.737,00:32,0.0,0.539277825121
-73.97484,-73.9704,40.73256,40.737,00:33,0.0,0.0
-73.9704,-73.96596,40.72812,40.73256,00:37,0.0,0.539262311753
-73.96596,-73.96152,40.72812,40.73256,00:40,0.0,0.232484547336
-73.9704,-73.96596,40.73256,40.737,00:44,0.0,0.53927782512
-73.9704,-73.96596,40.737,40.74144,00:47,0.0,0.306793277784
-73.96596,-73.96152,40.74144,40.74588,00:51,0.0,0.539246796988
-73.96152,-73.95708,40.74144,40.74588,00:54,0.0,0.232438003046
-73.96596,-73.96152,40.737,40.74144,00:57,0.0,0.539231280829
-73.9704,-73.96596,40.73256,40.737,01:01,0.0,0.539246796989
-73.9704,-73.96596,40.72812,40.73256,01:04,0.0,0.306793277784
-73.97484,-73.9704,40.72812,40.73256,01:07,0.0,0.232484547337
-73.9704,-73.96596,40.72812,40.73256,01:10,0.0,0.232484547337
-73.97484,-73.9704,40.72812,40.73256,01:13,0.0,0.232484547337
-73.97928,-73.97484,40.73256,40.737,01:17,0.0,0.539277825119
-73.97928,-73.97484,40.73256,40.737,01:18,0.0,0.0
-73.98372,-73.97928,40.73256,40.737,01:21,0.0,0.232469033969
--------,60.6633950478,23.5689122483,2.57387334675,--------
-73.98816,-73.98372,40.74588,40.75032,00:01,0.0,0.0
-73.96152,-73.95708,40.59492,40.59936,00:44,60.6633950478,11.8255063524
-73.97484,-73.9704,40.75476,40.7592,01:52,0.0,11.7434058959
--------,70.3970856463,14.551144172,4.83790723357,--------
-73.98816,-73.98372,40.74588,40.75032,00:01,0.0,0.0
-74.01924,-74.0148,40.70148,40.70592,00:20,26.16691201,4.69489016795
-74.01924,-74.0148,40.69704,40.70148,00:25,0.0,0.306793277784
-74.0148,-74.01036,40.69704,40.70148,00:29,0.0,0.232593101813
-74.0148,-74.01036,40.70148,40.70592,00:34,0.0,0.306793277784
-73.97484,-73.9704,40.75032,40.75476,00:54,27.2733982824,5.46792442178
-73.97928,-73.97484,40.74144,40.74588,00:59,9.82139898828,0.845993522106
-73.98372,-73.97928,40.737,40.74144,01:03,7.13537636558,0.53923128083
-73.98816,-73.98372,40.737,40.74144,01:06,0.0,0.232453519205
-73.98816,-73.98372,40.74144,40.74588,01:08,0.0,0.306793277783
-73.98816,-73.98372,40.74144,40.74588,01:10,0.0,0.0
-73.98372,-73.97928,40.74588,40.75032,01:14,0.0,0.53923128083
-73.98816,-73.98372,40.74144,40.74588,01:17,0.0,0.539215763275
-73.9926,-73.98816,40.74588,40.75032,01:21,0.0,0.539231280829
--------,28.7974388124,12.3467547331,2.33238931483,--------
-73.98816,-73.98372,40.74588,40.75032,00:01,0.0,0.0
-73.89492,-73.89048,40.74588,40.75032,00:21,28.7974388124,4.88087196635
-73.89492,-73.89048,40.75032,40.75476,00:23,0.0,0.306793277783
-73.89048,-73.88604,40.75476,40.7592,00:27,0.0,0.539200244323
-73.89492,-73.89048,40.75032,40.75476,00:31,0.0,0.539184723976
-73.89492,-73.89048,40.74588,40.75032,00:34,0.0,0.306793277783
-73.89048,-73.88604,40.74144,40.74588,00:37,0.0,0.539215763274
-73.88604,-73.8816,40.74144,40.74588,00:39,0.0,0.232438003046
-73.89048,-73.88604,40.737,40.74144,00:42,0.0,0.539231280829
-73.89048,-73.88604,40.73256,40.737,00:44,0.0,0.306793277784
-73.89048,-73.88604,40.72812,40.73256,00:47,0.0,0.306793277784
-73.89048,-73.88604,40.72368,40.72812,00:50,0.0,0.306793277784
-73.89048,-73.88604,40.71924,40.72368,00:53,0.0,0.306793277783
-73.88604,-73.8816,40.71924,40.72368,00:56,0.0,0.232515569883
-73.89048,-73.88604,40.72368,40.72812,01:00,0.0,0.539308847666
-73.88604,-73.8816,40.72368,40.72812,01:03,0.0,0.232500059308
-73.88604,-73.8816,40.71924,40.72368,01:06,0.0,0.306793277783
-73.88604,-73.8816,40.72368,40.72812,01:09,0.0,0.306793277783
-73.88604,-73.8816,40.71924,40.72368,01:12,0.0,0.306793277783
-73.8816,-73.87716,40.71924,40.72368,01:15,0.0,0.232515569883
-73.87716,-73.87272,40.7148,40.71924,01:19,0.0,0.539308847666
-73.87272,-73.86828,40.71924,40.72368,01:23,0.0,0.539324356847
--------,30.701457896,10.560504474,2.90719614498,--------
-73.98816,-73.98372,40.74588,40.75032,00:01,0.0,0.0
-73.96596,-73.96152,40.75476,40.7592,00:10,12.3617740569,1.77569898005
-73.96596,-73.96152,40.7592,40.76364,00:12,0.0,0.306793277784
-73.98816,-73.98372,40.75032,40.75476,00:20,12.7200166558,1.77546617485
-73.9926,-73.98816,40.75476,40.7592,00:24,0.0,0.539200244323
-73.99704,-73.9926,40.75032,40.75476,00:31,5.61966718321,0.539184723978
-74.00148,-73.99704,40.75032,40.75476,00:34,0.0,0.232406966539
-74.00148,-73.99704,40.75032,40.75476,00:35,0.0,0.0
-74.00592,-74.00148,40.75476,40.7592,00:38,0.0,0.539200244325
-74.00592,-74.00148,40.7592,40.76364,00:41,0.0,0.306793277784
-74.00148,-73.99704,40.7592,40.76364,00:43,0.0,0.232375924452
-74.00148,-73.99704,40.7592,40.76364,00:44,0.0,0.0
-74.00148,-73.99704,40.7592,40.76364,00:45,0.0,0.0
-74.00148,-73.99704,40.75476,40.7592,00:47,0.0,0.306793277784
-74.00592,-74.00148,40.75476,40.7592,00:49,0.0,0.232391446194
-74.01036,-74.00592,40.7592,40.76364,00:53,0.0,0.539184723976
-74.01036,-74.00592,40.76364,40.76808,00:56,0.0,0.306793277784
-74.01036,-74.00592,40.76364,40.76808,00:57,0.0,0.0
-74.01036,-74.00592,40.7592,40.76364,01:00,0.0,0.306793277784
-74.0148,-74.01036,40.7592,40.76364,01:03,0.0,0.232375924451
-74.0148,-74.01036,40.7592,40.76364,01:04,0.0,0.0
-74.01924,-74.0148,40.7592,40.76364,01:07,0.0,0.232375924451
-74.02368,-74.01924,40.76364,40.76808,01:11,0.0,0.539169202234
-74.01924,-74.0148,40.7592,40.76364,01:15,0.0,0.539153679097
-74.02368,-74.01924,40.75476,40.7592,01:19,0.0,0.539169202234
-74.02812,-74.02368,40.7592,40.76364,01:23,0.0,0.539184723978
--------,64.5413110187,15.9457404539,4.04755810526,--------
-73.98816,-73.98372,40.74588,40.75032,00:01,0.0,0.0
-73.97928,-73.97484,40.76364,40.76808,00:10,13.1011295997,1.69201808197
-73.99704,-73.9926,40.75032,40.75476,00:18,13.845988158,1.84982143712
-73.93932,-73.93488,40.68816,40.6926,00:44,37.594193261,7.31639639986
-73.93488,-73.93044,40.6926,40.69704,00:49,0.0,0.539417382592
-73.93044,-73.926,40.6926,40.69704,00:51,0.0,0.232608604008
-73.926,-73.92156,40.68816,40.6926,00:55,0.0,0.539401881794
-73.93044,-73.926,40.68372,40.68816,00:58,0.0,0.539417382594
-73.93488,-73.93044,40.67928,40.68372,01:02,0.0,0.539432881994
-73.93932,-73.93488,40.67928,40.68372,01:05,0.0,0.232655102216
-73.94376,-73.93932,40.68372,40.68816,01:09,0.0,0.53944838
-73.94376,-73.93932,40.67928,40.68372,01:12,0.0,0.306793277784
-73.93932,-73.93488,40.68372,40.68816,01:16,0.0,0.53944838
-73.93488,-73.93044,40.67928,40.68372,01:20,0.0,0.539432881995
-73.93044,-73.926,40.68372,40.68816,01:24,0.0,0.53944838
--------,69.4192286464,16.7921844508,4.13402013596,--------
-73.98816,-73.98372,40.74588,40.75032,00:01,0.0,0.0
-73.97928,-73.97484,40.7592,40.76364,00:09,10.7531399336,1.38522480418
-74.0148,-74.01036,40.7148,40.71924,00:29,28.8190934069,4.92694016095
-74.01036,-74.00592,40.71036,40.7148,00:32,0.0,0.539324356845
-74.0148,-74.01036,40.71036,40.7148,00:34,0.0,0.232546586844
-74.01924,-74.0148,40.70592,40.71036,00:37,0.0,0.539339864629
-74.02368,-74.01924,40.71036,40.7148,00:40,0.0,0.539355371014
-74.01924,-74.0148,40.7148,40.71924,00:44,0.0,0.539339864627
-74.02368,-74.01924,40.71036,40.7148,00:47,0.0,0.539324356844
-74.02368,-74.01924,40.71036,40.7148,00:48,0.0,0.0
-74.02368,-74.01924,40.70592,40.71036,00:51,0.0,0.306793277784
-74.01924,-74.0148,40.70592,40.71036,00:54,0.0,0.23256209323
-74.0148,-74.01036,40.71036,40.7148,00:57,0.0,0.539355371015
-74.01036,-74.00592,40.71036,40.7148,00:59,0.0,0.232546586844
-73.96152,-73.95708,40.76364,40.76808,01:22,29.8469953059,6.23953175602
--------,57.8838405917,15.4819975697,3.73878372807,--------
-73.98816,-73.98372,40.74588,40.75032,00:01,0.0,0.0
-73.99704,-73.9926,40.70148,40.70592,00:16,20.7462129175,3.53277774867
-73.99704,-73.9926,40.70592,40.71036,00:18,0.0,0.306793277784
-74.00148,-73.99704,40.71036,40.7148,00:22,0.0,0.539355371014
-73.99704,-73.9926,40.70592,40.71036,00:25,0.0,0.539339864628
-73.99704,-73.9926,40.71036,40.7148,00:28,0.0,0.306793277784
-73.99704,-73.9926,40.70592,40.71036,00:30,0.0,0.306793277784
-73.99704,-73.9926,40.71036,40.7148,00:33,0.0,0.306793277784
-73.99704,-73.9926,40.7148,40.71924,00:35,0.0,0.306793277783
-74.00148,-73.99704,40.7148,40.71924,00:37,0.0,0.232531079061
-73.99704,-73.9926,40.71924,40.72368,00:40,0.0,0.539324356845
-73.91712,-73.91268,40.67928,40.68372,01:06,37.1376276742,6.94641961399
-73.91712,-73.91268,40.67928,40.68372,01:08,0.0,0.0
-73.91712,-73.91268,40.68372,40.68816,01:12,0.0,0.306793277784
-73.91268,-73.90824,40.68372,40.68816,01:15,0.0,0.23263960421
-73.90824,-73.9038,40.68816,40.6926,01:20,0.0,0.539432881995
-73.91268,-73.90824,40.68372,40.68816,01:25,0.0,0.539417382593
--------,73.628786749,17.0760743717,4.31180991287,--------
-73.98816,-73.98372,40.74588,40.75032,00:01,0.0,0.0
-73.97928,-73.97484,40.76364,40.76808,00:10,11.3767452837,1.69201808197
-73.96596,-73.96152,40.79472,40.79916,00:22,16.7238727302,2.84463414783
-73.9704,-73.96596,40.79028,40.79472,00:25,0.0,0.539044978069
-73.97484,-73.9704,40.79472,40.79916,00:28,0.0,0.539060510973
-73.97928,-73.97484,40.79916,40.8036,00:31,0.0,0.539044978069
-73.97484,-73.9704,40.79916,40.8036,00:34,0.0,0.232236165987
-73.9704,-73.96596,40.8036,40.80804,00:38,0.0,0.539029443772
-73.96596,-73.96152,40.8036,40.80804,00:40,0.0,0.232220630295
-73.95264,-73.9482,40.77252,40.77696,00:51,19.0949198721,2.84421483478
-73.95264,-73.9482,40.76808,40.77252,00:54,0.0,0.306793277784
-73.95708,-73.95264,40.76364,40.76808,00:57,0.0,0.539138154563
-73.98372,-73.97928,40.70148,40.70592,01:18,26.433248863,5.68926829165
-73.97928,-73.97484,40.70592,40.71036,01:23,0.0,0.539370876004
--------,23.4190924033,10.4030425221,2.25117722566,--------
-73.98816,-73.98372,40.74588,40.75032,00:01,0.0,0.0
-73.96596,-73.96152,40.75476,40.7592,00:10,14.1110225067,1.77569898005
-73.96596,-73.96152,40.7592,40.76364,00:12,0.0,0.306793277784
-73.96152,-73.95708,40.76364,40.76808,00:16,9.30806989663,0.539169202235
-73.95708,-73.95264,40.7592,40.76364,00:19,0.0,0.539153679097
-73.95264,-73.9482,40.75476,40.7592,00:23,0.0,0.539169202234
-73.95708,-73.95264,40.75032,40.75476,00:27,0.0,0.539184723976
-73.95264,-73.9482,40.75032,40.75476,00:30,0.0,0.232406966539
-73.9482,-73.94376,40.75032,40.75476,00:33,0.0,0.232406966541
-73.9482,-73.94376,40.75032,40.75476,00:34,0.0,0.0
-73.94376,-73.93932,40.74588,40.75032,00:38,0.0,0.539200244322
-73.93932,-73.93488,40.74588,40.75032,00:41,0.0,0.23242248549
-73.94376,-73.93932,40.74588,40.75032,00:43,0.0,0.23242248549
-73.94376,-73.93932,40.74144,40.74588,00:46,0.0,0.306793277784
-73.93932,-73.93488,40.737,40.74144,00:50,0.0,0.539231280829
-73.94376,-73.93932,40.73256,40.737,00:54,0.0,0.539246796989
-73.93932,-73.93488,40.737,40.74144,00:58,0.0,0.539262311753
-73.93932,-73.93488,40.737,40.74144,00:59,0.0,0.0
-73.93488,-73.93044,40.74144,40.74588,01:03,0.0,0.539246796988
-73.93488,-73.93044,40.74588,40.75032,01:06,0.0,0.306793277784
-73.93932,-73.93488,40.74144,40.74588,01:10,0.0,0.539215763275
-73.93488,-73.93044,40.74588,40.75032,01:14,0.0,0.53923128083
-73.93488,-73.93044,40.75032,40.75476,01:17,0.0,0.306793277783
-73.93932,-73.93488,40.75476,40.7592,01:21,0.0,0.539200244324
--------,68.2699113308,14.847789442,4.59798487832,--------
-73.98816,-73.98372,40.74588,40.75032,00:01,0.0,0.0
-74.01924,-74.0148,40.70148,40.70592,00:20,27.3486862908,4.69489016795
-74.01924,-74.0148,40.69704,40.70148,00:25,0.0,0.306793277784
-74.0148,-74.01036,40.69704,40.70148,00:29,0.0,0.232593101813
-74.0148,-74.01036,40.70148,40.70592,00:34,0.0,0.306793277784
-73.98816,-73.98372,40.737,40.74144,00:48,20.5476768963,3.84981180639
-73.97928,-73.97484,40.7814,40.78584,01:03,20.3735481438,3.5328398161
-73.97484,-73.9704,40.7814,40.78584,01:06,0.0,0.232298294809
-73.97484,-73.9704,40.77696,40.7814,01:08,0.0,0.306793277784
-73.97928,-73.97484,40.77696,40.7814,01:10,0.0,0.232313823528
-73.97928,-73.97484,40.7814,40.78584,01:13,0.0,0.306793277784
-73.97928,-73.97484,40.78584,40.79028,01:16,0.0,0.306793277784
-73.97484,-73.9704,40.7814,40.78584,01:21,0.0,0.53907604248
--------,157.865039727,33.567918233,4.70285463135,--------
-73.98816,-73.98372,40.74588,40.75032,00:01,0.0,0.0
-74.0148,-74.01036,40.70592,40.71036,00:18,22.477937937,4.15567440779
-73.81056,-73.80612,40.97676,40.9812,01:59,135.38710179,29.4122438253
--------,51.9763494595,14.0803681554,3.69140557163,--------
-73.98816,-73.98372,40.74588,40.75032,00:01,0.0,0.0
-73.98372,-73.97928,40.76364,40.76808,00:09,12.5422312431,1.45959559663
-73.94376,-73.93932,40.83912,40.84356,00:38,39.4341182164,7.3067293163
-73.9482,-73.94376,40.84356,40.848,00:41,0.0,0.538889572345
-73.95264,-73.9482,40.848,40.85244,00:45,0.0,0.538874024108
-73.95708,-73.95264,40.848,40.85244,00:48,0.0,0.232065196688
-73.95264,-73.9482,40.848,40.85244,00:51,0.0,0.232065196688
-73.95264,-73.9482,40.85244,40.85688,00:54,0.0,0.306793277783
-73.9482,-73.94376,40.848,40.85244,00:58,0.0,0.538842923447
-73.94376,-73.93932,40.848,40.85244,01:01,0.0,0.232065196688
-73.93932,-73.93488,40.84356,40.848,01:05,0.0,0.538858474473
-73.93932,-73.93488,40.84356,40.848,01:06,0.0,0.0
-73.93488,-73.93044,40.83912,40.84356,01:10,0.0,0.538874024106
-73.93044,-73.926,40.83468,40.83912,01:14,0.0,0.538889572345
-73.93488,-73.93044,40.83024,40.83468,01:18,0.0,0.538905119191
-73.93044,-73.926,40.83468,40.83912,01:22,0.0,0.538920664643
--------,61.1459188094,23.5689122483,2.59434623733,--------
-73.98816,-73.98372,40.74588,40.75032,00:01,0.0,0.0
-73.96152,-73.95708,40.59492,40.59936,00:44,61.1459188094,11.8255063524
-73.97484,-73.9704,40.75476,40.7592,01:52,0.0,11.7434058959
--------,27.5849624902,12.3467547331,2.23418728941,--------
-73.98816,-73.98372,40.74588,40.75032,00:01,0.0,0.0
-73.89492,-73.89048,40.74588,40.75032,00:21,27.5849624902,4.88087196635
-73.89492,-73.89048,40.75032,40.75476,00:23,0.0,0.306793277783
-73.89048,-73.88604,40.75476,40.7592,00:27,0.0,0.539200244323
-73.89492,-73.89048,40.75032,40.75476,00:31,0.0,0.539184723976
-73.89492,-73.89048,40.74588,40.75032,00:34,0.0,0.306793277783
-73.89048,-73.88604,40.74144,40.74588,00:37,0.0,0.539215763274
-73.88604,-73.8816,40.74144,40.74588,00:39,0.0,0.232438003046
-73.89048,-73.88604,40.737,40.74144,00:42,0.0,0.539231280829
-73.89048,-73.88604,40.73256,40.737,00:44,0.0,0.306793277784
-73.89048,-73.88604,40.72812,40.73256,00:47,0.0,0.306793277784
-73.89048,-73.88604,40.72368,40.72812,00:50,0.0,0.306793277784
-73.89048,-73.88604,40.71924,40.72368,00:53,0.0,0.306793277783
-73.88604,-73.8816,40.71924,40.72368,00:56,0.0,0.232515569883
-73.89048,-73.88604,40.72368,40.72812,01:00,0.0,0.539308847666
-73.88604,-73.8816,40.72368,40.72812,01:03,0.0,0.232500059308
-73.88604,-73.8816,40.71924,40.72368,01:06,0.0,0.306793277783
-73.88604,-73.8816,40.72368,40.72812,01:09,0.0,0.306793277783
-73.88604,-73.8816,40.71924,40.72368,01:12,0.0,0.306793277783
-73.8816,-73.87716,40.71924,40.72368,01:15,0.0,0.232515569883
-73.87716,-73.87272,40.7148,40.71924,01:19,0.0,0.539308847666
-73.87272,-73.86828,40.71924,40.72368,01:23,0.0,0.539324356847
--------,33.1242328261,11.9474981678,2.77248277094,--------
-73.98816,-73.98372,40.74588,40.75032,00:01,0.0,0.0
-73.98816,-73.98372,40.72812,40.73256,00:08,9.25612831516,1.22717311114
-73.91712,-73.91268,40.74144,40.74588,00:26,23.868104511,4.64013248968
-73.91712,-73.91268,40.74588,40.75032,00:30,0.0,0.306793277784
-73.91268,-73.90824,40.74144,40.74588,00:36,0.0,0.539215763274
-73.90824,-73.9038,40.74144,40.74588,00:40,0.0,0.232438003046
-73.91268,-73.90824,40.74588,40.75032,00:43,0.0,0.53923128083
-73.91268,-73.90824,40.75032,40.75476,00:46,0.0,0.306793277783
-73.90824,-73.9038,40.74588,40.75032,00:50,0.0,0.539200244323
-73.90824,-73.9038,40.74144,40.74588,00:53,0.0,0.306793277784
-73.90824,-73.9038,40.74144,40.74588,00:54,0.0,0.0
-73.9038,-73.89936,40.74588,40.75032,00:57,0.0,0.53923128083
-73.90824,-73.9038,40.74144,40.74588,01:01,0.0,0.539215763275
-73.91268,-73.90824,40.737,40.74144,01:05,0.0,0.539231280829
-73.91268,-73.90824,40.74144,40.74588,01:08,0.0,0.306793277783
-73.90824,-73.9038,40.737,40.74144,01:12,0.0,0.539231280829
-73.90824,-73.9038,40.74144,40.74588,01:15,0.0,0.306793277783
-73.91268,-73.90824,40.74144,40.74588,01:18,0.0,0.232438003046
-73.91268,-73.90824,40.74588,40.75032,01:21,0.0,0.306793277784
--------,73.1865102087,16.3431361328,4.47811910848,--------
-73.98816,-73.98372,40.74588,40.75032,00:01,0.0,0.0
-73.96596,-73.96152,40.7592,40.76364,00:11,14.0807710392,2.08249225783
-73.99704,-73.9926,40.72812,40.73256,00:26,23.3409468837,3.77418440731
-73.99704,-73.9926,40.73256,40.737,00:29,0.0,0.306793277784
-74.00592,-74.00148,40.74144,40.74588,00:34,8.49650038986,1.07852462336
-73.95264,-73.9482,40.76808,40.77252,00:52,27.268291896,4.63001566074
-73.95708,-73.95264,40.76364,40.76808,00:55,0.0,0.539138154563
-73.96152,-73.95708,40.7592,40.76364,00:58,0.0,0.539153679097
-73.96596,-73.96152,40.7592,40.76364,01:00,0.0,0.232375924451
-73.96152,-73.95708,40.76364,40.76808,01:04,0.0,0.539169202235
-73.95708,-73.95264,40.76364,40.76808,01:06,0.0,0.232360401313
-73.96152,-73.95708,40.76808,40.77252,01:10,0.0,0.539153679096
-73.96596,-73.96152,40.76364,40.76808,01:13,0.0,0.539138154563
-73.96152,-73.95708,40.76808,40.77252,01:16,0.0,0.539153679096
-73.95708,-73.95264,40.76808,40.77252,01:18,0.0,0.23234487678
-73.95264,-73.9482,40.76364,40.76808,01:21,0.0,0.539138154563
--------,41.0848145665,12.2471674544,3.35463810057,--------
-73.98816,-73.98372,40.74588,40.75032,00:01,0.0,0.0
-73.9926,-73.98816,40.737,40.74144,00:07,6.72675262503,0.846009041057
-73.98816,-73.98372,40.737,40.74144,00:10,4.51709068359,0.232453519204
-73.95708,-73.95264,40.68816,40.6926,00:30,29.8409712579,5.00190068173
-73.96152,-73.95708,40.68372,40.68816,00:33,0.0,0.539417382593
-73.96596,-73.96152,40.67928,40.68372,00:37,0.0,0.539432881995
-73.96596,-73.96152,40.67928,40.68372,00:38,0.0,0.0
-73.9704,-73.96596,40.67484,40.67928,00:41,0.0,0.53944838
-73.97484,-73.9704,40.6704,40.67484,00:45,0.0,0.539463876608
-73.9704,-73.96596,40.66596,40.6704,00:49,0.0,0.53947937182
-73.9704,-73.96596,40.66596,40.6704,00:50,0.0,0.0
-73.9704,-73.96596,40.66152,40.66596,00:53,0.0,0.306793277783
-73.96596,-73.96152,40.66152,40.66596,00:56,0.0,0.232717080266
-73.96596,-73.96152,40.66596,40.6704,00:59,0.0,0.306793277783
-73.96152,-73.95708,40.6704,40.67484,01:03,0.0,0.539494865633
-73.96152,-73.95708,40.6704,40.67484,01:04,0.0,0.0
-73.95708,-73.95264,40.67484,40.67928,01:08,0.0,0.539479371819
-73.95264,-73.9482,40.67484,40.67928,01:11,0.0,0.232670598824
-73.95264,-73.9482,40.67484,40.67928,01:12,0.0,0.0
-73.95708,-73.95264,40.6704,40.67484,01:16,0.0,0.539463876607
-73.95264,-73.9482,40.67484,40.67928,01:19,0.0,0.539479371818
-73.9482,-73.94376,40.67484,40.67928,01:21,0.0,0.232670598826
--------,45.8089728001,13.8996356043,3.29569595233,--------
-73.98816,-73.98372,40.74588,40.75032,00:01,0.0,0.0
-73.85052,-73.84608,40.72368,40.72812,00:34,45.8089728001,8.73906270174
-73.84608,-73.84164,40.71924,40.72368,00:40,0.0,0.53929333709
-73.84608,-73.84164,40.7148,40.71924,00:42,0.0,0.306793277784
-73.84164,-73.8372,40.7148,40.71924,00:45,0.0,0.232531079062
-73.84608,-73.84164,40.7148,40.71924,00:48,0.0,0.232531079062
-73.84608,-73.84164,40.7148,40.71924,00:49,0.0,0.0
-73.84164,-73.8372,40.71924,40.72368,00:53,0.0,0.539324356847
-73.84608,-73.84164,40.72368,40.72812,00:57,0.0,0.539308847667
-73.84164,-73.8372,40.71924,40.72368,01:01,0.0,0.539293337092
-73.84164,-73.8372,40.72368,40.72812,01:04,0.0,0.306793277783
-73.8372,-73.83276,40.71924,40.72368,01:08,0.0,0.539293337091
-73.84164,-73.8372,40.7148,40.71924,01:12,0.0,0.539308847667
-73.84164,-73.8372,40.71924,40.72368,01:15,0.0,0.306793277784
-73.8372,-73.83276,40.71924,40.72368,01:18,0.0,0.232515569883
-73.8372,-73.83276,40.7148,40.71924,01:21,0.0,0.306793277784
--------,22.4977335756,12.9298655773,1.73998201614,--------
-73.98816,-73.98372,40.74588,40.75032,00:01,0.0,0.0
-73.9704,-73.96596,40.79028,40.79472,00:18,22.4977335756,3.99762271831
-73.96596,-73.96152,40.79028,40.79472,00:20,0.0,0.232267233188
-73.96152,-73.95708,40.79028,40.79472,00:22,0.0,0.232267233188
-73.95708,-73.95264,40.79028,40.79472,00:25,0.0,0.232267233188
-73.96152,-73.95708,40.79028,40.79472,00:27,0.0,0.232267233188
-73.95708,-73.95264,40.78584,40.79028,00:31,0.0,0.539060510973
-73.95708,-73.95264,40.7814,40.78584,00:33,0.0,0.306793277784
-73.96152,-73.95708,40.78584,40.79028,00:36,0.0,0.539091572594
-73.95708,-73.95264,40.79028,40.79472,00:40,0.0,0.539076042481
-73.95708,-73.95264,40.79472,40.79916,00:42,0.0,0.306793277783
-73.95264,-73.9482,40.79028,40.79472,00:46,0.0,0.539044978068
-73.95708,-73.95264,40.78584,40.79028,00:49,0.0,0.539060510972
-73.95708,-73.95264,40.7814,40.78584,00:51,0.0,0.306793277784
-73.95264,-73.9482,40.77696,40.7814,00:54,0.0,0.539091572594
-73.95264,-73.9482,40.77252,40.77696,00:57,0.0,0.306793277783
-73.9482,-73.94376,40.76808,40.77252,01:00,0.0,0.539122628637
-73.95264,-73.9482,40.76364,40.76808,01:04,0.0,0.539138154565
-73.95264,-73.9482,40.76808,40.77252,01:07,0.0,0.306793277783
-73.95264,-73.9482,40.76808,40.77252,01:08,0.0,0.0
-73.9482,-73.94376,40.77252,40.77696,01:12,0.0,0.539138154566
-73.94376,-73.93932,40.76808,40.77252,01:16,0.0,0.539122628636
-73.9482,-73.94376,40.77252,40.77696,01:20,0.0,0.539138154564
-73.95264,-73.9482,40.76808,40.77252,01:24,0.0,0.539122628637
--------,72.7857102209,16.0101656011,4.54621844861,--------
-73.98816,-73.98372,40.74588,40.75032,00:01,0.0,0.0
-74.01924,-74.0148,40.70148,40.70592,00:20,27.9354784594,4.69489016795
-74.01924,-74.0148,40.69704,40.70148,00:25,0.0,0.306793277784
-74.0148,-74.01036,40.69704,40.70148,00:29,0.0,0.232593101813
-74.0148,-74.01036,40.70148,40.70592,00:34,0.0,0.306793277784
-73.97928,-73.97484,40.76364,40.76808,00:56,28.3820517425,6.15572666226
-74.00592,-74.00148,40.74588,40.75032,01:07,16.4681800191,2.62133551381
-74.00148,-73.99704,40.74588,40.75032,01:09,0.0,0.232422485492
-74.00148,-73.99704,40.74144,40.74588,01:11,0.0,0.306793277784
-74.00592,-74.00148,40.74588,40.75032,01:15,0.0,0.539231280831
-74.00592,-74.00148,40.74144,40.74588,01:17,0.0,0.306793277784
-74.00592,-74.00148,40.74144,40.74588,01:19,0.0,0.0
-74.00592,-74.00148,40.737,40.74144,01:22,0.0,0.306793277783
--------,44.8993063933,11.8604176519,3.78564294369,--------
-73.98816,-73.98372,40.74588,40.75032,00:01,0.0,0.0
-73.96596,-73.96152,40.7592,40.76364,00:11,13.5526341675,2.08249225783
-73.926,-73.92156,40.80804,40.81248,00:31,31.3466722258,5.46610935783
-73.93044,-73.926,40.81248,40.81692,00:36,0.0,0.538998370994
-73.926,-73.92156,40.81692,40.82136,00:41,0.0,0.538982832513
-73.93044,-73.926,40.81692,40.82136,00:44,0.0,0.232174014853
-73.926,-73.92156,40.81692,40.82136,00:47,0.0,0.232174014853
-73.926,-73.92156,40.82136,40.8258,00:51,0.0,0.306793277783
-73.92156,-73.91712,40.82136,40.8258,00:54,0.0,0.232158473581
-73.92156,-73.91712,40.81692,40.82136,00:58,0.0,0.306793277783
-73.92156,-73.91712,40.81692,40.82136,01:00,0.0,0.0
-73.91712,-73.91268,40.81248,40.81692,01:05,0.0,0.538967292636
-73.91712,-73.91268,40.80804,40.81248,01:09,0.0,0.306793277784
-73.91712,-73.91268,40.80804,40.81248,01:11,0.0,0.0
-73.91268,-73.90824,40.81248,40.81692,01:16,0.0,0.538998370992
-73.90824,-73.9038,40.80804,40.81248,01:21,0.0,0.538982832511
--------,122.360345709,22.9547859089,5.33049387586,--------
-73.98816,-73.98372,40.74588,40.75032,00:01,0.0,0.0
-73.98372,-73.97928,40.74144,40.74588,00:06,6.77909662036,0.539215763275
-73.98372,-73.97928,40.74588,40.75032,00:09,0.0,0.306793277784
-73.97928,-73.97484,40.74588,40.75032,00:12,0.0,0.232422485491
-73.97484,-73.9704,40.74144,40.74588,00:16,0.0,0.539215763274
-73.95708,-73.95264,40.76364,40.76808,00:26,15.293505334,2.46371839962
-73.97928,-73.97484,40.74144,40.74588,00:37,14.8823223571,2.69576839251
-74.01036,-74.00592,40.73256,40.737,00:46,14.2498719799,2.24065256856
-73.90824,-73.9038,40.85688,40.86132,01:35,71.1555494179,13.9369992584
