********,74.9920078087,19.5458425971,3.83672422594,********
--------,60.9880437212,18.7345314336,3.25538132284,--------
-73.98816,-73.98372,40.74588,40.75032,00:01,0.0,0.0
-73.97928,-73.97484,40.7592,40.76364,00:09,11.3461666783,1.38522480418
-73.98372,-73.97928,40.737,40.74144,00:18,11.5863158912,1.76634231337
-73.97484,-73.9704,40.75476,40.7592,00:25,0.0,1.6920801494
-73.89492,-73.89048,40.7148,40.71924,00:52,38.0555611517,6.94418538744
-73.97484,-73.9704,40.75476,40.7592,01:35,0.0,6.94669877922
--------,74.7384993245,16.0196000609,4.66544102477,--------
-73.98816,-73.98372,40.74588,40.75032,00:01,0.0,0.0
-74.0148,-74.01036,40.70592,40.71036,00:18,23.1004715246,4.15567440779
-73.98816,-73.98372,40.73256,40.737,00:30,0.0,3.23613222089
-73.98816,-73.98372,40.73256,40.737,00:32,0.0,0.0
-74.00148,-73.99704,40.7148,40.71924,00:40,13.8670649369,1.92458021245
-73.98816,-73.98372,40.73256,40.737,00:48,0.0,1.92476634773
-73.99704,-73.9926,40.73256,40.737,00:51,6.78781259163,0.464938067789
-73.99704,-73.9926,40.737,40.74144,00:54,0.0,0.306793277784
-73.99704,-73.9926,40.737,40.74144,00:56,2.72963070145,0.0
-73.98816,-73.98372,40.7592,40.76364,01:05,15.7650899154,1.99887342718
-73.98372,-73.97928,40.7592,40.76364,01:09,0.0,0.232375924451
-73.96152,-73.95708,40.76364,40.76808,01:18,12.4884296546,1.46867289706
-73.96152,-73.95708,40.76808,40.77252,01:20,0.0,0.306793277783
-73.96152,-73.95708,40.76808,40.77252,01:21,0.0,0.0
--------,82.2791841448,32.5051772259,2.53126397598,--------
-73.98816,-73.98372,40.74588,40.75032,00:01,0.0,0.0
-73.95708,-73.95264,40.78584,40.79028,00:19,23.6202345772,4.38809689016
-73.95708,-73.95264,40.7814,40.78584,00:21,0.0,0.306793277784
-73.95708,-73.95264,40.77696,40.7814,00:23,0.0,0.306793277784
-73.9482,-73.94376,40.78584,40.79028,00:28,7.57075905111,1.07821420248
-73.95264,-73.9482,40.7814,40.78584,00:31,0.0,0.539076042482
-73.95708,-73.95264,40.77696,40.7814,00:34,0.0,0.539091572594
-73.85052,-73.84608,40.85688,40.86132,01:13,51.0881905165,11.0978104226
-73.98816,-73.98372,40.75476,40.7592,02:34,0.0,14.2493015401
--------,64.2286595621,16.1374175473,3.98010768288,--------
-73.98816,-73.98372,40.74588,40.75032,00:01,0.0,0.0
-73.9038,-73.89936,40.77252,40.77696,00:25,34.6118389614,6.25678672154
-73.97484,-73.9704,40.75476,40.7592,00:56,0.0,4.94444262361
-73.9926,-73.98816,40.75032,40.75476,01:04,11.8834134337,1.23635906107
-73.98372,-73.97928,40.7592,40.76364,01:10,0.0,1.0784004885
-73.95708,-73.95264,40.74144,40.74588,01:23,17.733407167,2.62142865263
--------,92.8490754648,18.0172632583,5.15333955739,--------
-73.98816,-73.98372,40.74588,40.75032,00:01,0.0,0.0
-73.97928,-73.97484,40.76364,40.76808,00:10,10.720258564,1.69201808197
-73.96596,-73.96152,40.7592,40.76364,00:15,8.21403367858,1.00387448113
-73.98816,-73.98372,40.73256,40.737,00:27,20.8389478639,3.00263928598
-73.98372,-73.97928,40.74144,40.74588,00:32,7.4266079913,0.846055589536
-73.97484,-73.9704,40.75476,40.7592,00:39,0.0,1.38525583929
-74.01924,-74.0148,40.71036,40.7148,01:01,31.189537891,5.39184721523
-74.00148,-73.99704,40.72812,40.73256,01:09,0.0,2.15735945703
-73.98816,-73.98372,40.74588,40.75032,01:20,14.459689476,1.92462675255
-73.98816,-73.98372,40.75476,40.7592,01:25,0.0,0.613586555568
--------,35.6879546896,13.5560210827,2.63262755878,--------
-73.98816,-73.98372,40.74588,40.75032,00:01,0.0,0.0
-74.01924,-74.0148,40.70148,40.70592,00:20,25.0146729118,4.69489016795
-73.97484,-73.9704,40.75476,40.7592,00:57,0.0,6.0072952911
-73.98816,-73.98372,40.76364,40.76808,01:05,10.6732817778,1.31076089355
-73.98372,-73.97928,40.7592,40.76364,01:10,0.0,0.539153679097
-73.97928,-73.97484,40.7592,40.76364,01:15,0.0,0.232375924451
-73.97928,-73.97484,40.7592,40.76364,01:17,0.0,0.0
-73.98816,-73.98372,40.75476,40.7592,01:21,0.0,0.771545126537
--------,75.1037729164,17.9431717252,4.18564644348,--------
-73.98816,-73.98372,40.74588,40.75032,00:01,0.0,0.0
-73.99704,-73.9926,40.70148,40.70592,00:16,21.639786292,3.53277774867
-73.98816,-73.98372,40.73256,40.737,00:26,0.0,2.61270814078
-73.93488,-73.93044,40.76364,40.76808,00:45,26.4546395338,4.93718130961
-73.97484,-73.9704,40.75476,40.7592,00:55,0.0,2.70483014954
-73.9926,-73.98816,40.72812,40.73256,01:08,19.448105231,2.77032544999
-73.9926,-73.98816,40.72812,40.73256,01:10,0.0,0.0
-73.9926,-73.98816,40.73256,40.737,01:13,0.0,0.306793277784
-73.98816,-73.98372,40.72368,40.72812,01:18,7.56124185952,0.846055589536
-73.98372,-73.97928,40.72368,40.72812,01:21,0.0,0.232500059308
--------,157.808836337,33.567918233,4.70118031274,--------
-73.98816,-73.98372,40.74588,40.75032,00:01,0.0,0.0
-74.0148,-74.01036,40.70592,40.71036,00:18,23.2079407881,4.15567440779
-73.81056,-73.80612,40.97676,40.9812,01:59,134.600895549,29.4122438253
--------,76.494323929,17.1507243389,4.46012205768,--------
-73.98816,-73.98372,40.74588,40.75032,00:01,0.0,0.0
-74.00592,-74.00148,40.74144,40.74588,00:08,10.4279578914,1.23648321826
-74.00148,-73.99704,40.74588,40.75032,00:12,7.56249235385,0.539231280831
-74.00148,-73.99704,40.74144,40.74588,00:14,0.0,0.306793277784
-74.00148,-73.99704,40.737,40.74144,00:17,7.9759832947,0.306793277783
-73.99704,-73.9926,40.737,40.74144,00:20,0.0,0.232453519204
-73.9926,-73.98816,40.7592,40.76364,00:28,14.1174744694,1.76641990812
-73.9926,-73.98816,40.76364,40.76808,00:31,4.5852905454,0.306793277784
-73.95264,-73.9482,40.8258,40.83024,00:54,31.8251253743,6.38634948294
-73.95264,-73.9482,40.8258,40.83024,00:56,0.0,0.0
-73.95264,-73.9482,40.8258,40.83024,00:58,0.0,0.0
-73.95264,-73.9482,40.8258,40.83024,01:00,0.0,0.0
-73.97484,-73.9704,40.75476,40.7592,01:21,0.0,6.06940709615
--------,63.6256454586,15.5362436011,4.09530431501,--------
-73.98816,-73.98372,40.74588,40.75032,00:01,0.0,0.0
-73.98816,-73.98372,40.71036,40.7148,00:12,15.6841886061,2.45434622227
-73.97484,-73.9704,40.75476,40.7592,00:36,0.0,3.76557253778
-73.97928,-73.97484,40.74144,40.74588,00:44,11.210523249,1.15277127954
-73.97484,-73.9704,40.75476,40.7592,00:50,0.0,1.1528178364
-73.98372,-73.97928,40.72812,40.73256,01:02,16.3493004884,2.30554255894
-73.98816,-73.98372,40.71924,40.72368,01:08,0.0,0.846071102904
-73.94376,-73.93932,40.69704,40.70148,01:27,20.3816331151,3.85912206323
--------,67.5800627512,23.6178789223,2.86139424178,--------
-73.98816,-73.98372,40.74588,40.75032,00:01,0.0,0.0
-74.00148,-73.99704,40.75032,40.75476,00:08,8.44823106498,1.00406073366
-73.92156,-73.91712,40.86576,40.8702,00:50,59.1318316863,12.159950476
-73.97484,-73.9704,40.75476,40.7592,01:49,0.0,10.4538677126
--------,69.5062714545,19.4509908259,3.57340518416,--------
-73.98816,-73.98372,40.74588,40.75032,00:01,0.0,0.0
-73.98816,-73.98372,40.72812,40.73256,00:08,10.2856752741,1.22717311114
-73.96152,-73.95708,40.65264,40.65708,00:33,33.933939385,6.61039300114
-73.98816,-73.98372,40.73256,40.737,00:58,0.0,6.91876736035
-73.98372,-73.97928,40.74144,40.74588,01:03,7.88238632013,0.846055589536
-73.98372,-73.97928,40.7592,40.76364,01:09,0.0,1.22717311114
-73.95708,-73.95264,40.74144,40.74588,01:22,17.4042704753,2.62142865263
--------,68.8388558099,16.4526984953,4.1840465155,--------
-73.98816,-73.98372,40.74588,40.75032,00:01,0.0,0.0
-73.97928,-73.97484,40.74144,40.74588,00:07,9.23789465578,0.771638248617
-73.97484,-73.9704,40.75476,40.7592,00:13,0.0,1.1528178364
-73.98372,-73.97928,40.77252,40.77696,00:23,12.7883101867,1.69195600337
-73.97928,-73.97484,40.76808,40.77252,00:26,0.0,0.539122628637
-73.97484,-73.9704,40.76364,40.76808,00:29,0.0,0.539138154563
-73.98816,-73.98372,40.7592,40.76364,00:34,8.12687207652,1.00387448113
-73.91712,-73.91268,40.76364,40.76808,00:52,24.2058726279,4.02480796787
-73.98816,-73.98372,40.76364,40.76808,01:06,0.0,3.71776631987
-73.95264,-73.9482,40.77696,40.7814,01:19,14.479906263,2.77926303136
-73.95708,-73.95264,40.77696,40.7814,01:21,0.0,0.232313823528
--------,125.09026606,21.67949515,5.76998058279,--------
-73.98816,-73.98372,40.74588,40.75032,00:01,0.0,0.0
-73.9926,-73.98816,40.77252,40.77696,00:11,13.3142813855,2.07318215219
-73.98816,-73.98372,40.77252,40.77696,00:13,0.0,0.232329350851
-73.98372,-73.97928,40.77252,40.77696,00:15,0.0,0.232329350852
-74.00592,-74.00148,40.74144,40.74588,00:28,20.6875400017,3.30919969577
-74.00148,-73.99704,40.72812,40.73256,00:34,10.9427730735,1.1528178364
-74.01036,-74.00592,40.737,40.74144,00:41,7.95912246349,1.07855565009
-73.98372,-73.97928,40.76364,40.76808,00:54,20.4877937307,3.23548077673
-74.00592,-74.00148,40.63044,40.63488,01:33,51.6987554052,10.3656003371
--------,91.4770431604,17.25395741,5.3018006818,--------
-73.98816,-73.98372,40.74588,40.75032,00:01,0.0,0.0
-73.9482,-73.94376,40.7814,40.78584,00:20,25.1768716096,4.54614857385
-73.95264,-73.9482,40.7814,40.78584,00:22,0.0,0.232298294811
-73.95708,-73.95264,40.77696,40.7814,00:25,0.0,0.539091572594
-73.98816,-73.98372,40.73256,40.737,00:43,23.0586618604,4.69412953421
-73.9704,-73.96596,40.74588,40.75032,00:51,13.8412158775,1.85025596774
-73.97484,-73.9704,40.75032,40.75476,00:54,0.0,0.539215763274
-73.97928,-73.97484,40.75476,40.7592,00:58,5.77482457888,0.539200244323
-74.00148,-73.99704,40.74144,40.74588,01:07,16.0569856139,2.08233706134
-73.99704,-73.9926,40.74144,40.74588,01:10,0.0,0.232438003045
-73.99704,-73.9926,40.74144,40.74588,01:13,0.0,0.0
-73.98816,-73.98372,40.75476,40.7592,01:20,0.0,1.38525583929
-73.98816,-73.98372,40.76364,40.76808,01:31,7.56848362018,0.613586555568
--------,78.136381827,17.2806151502,4.52162039069,--------
-73.98816,-73.98372,40.74588,40.75032,00:01,0.0,0.0
-73.97928,-73.97484,40.76364,40.76808,00:10,10.5981662279,1.69201808197
-73.91712,-73.91268,40.76364,40.76808,00:23,18.4297105736,3.25304555071
-73.97484,-73.9704,40.75476,40.7592,00:37,0.0,3.6342717185
-73.9926,-73.98816,40.75476,40.7592,00:44,9.2834970537,0.929565783283
-73.99704,-73.9926,40.7592,40.76364,00:51,6.20433951086,0.539184723977
-73.97484,-73.9704,40.75476,40.7592,00:58,0.0,1.46867289706
-73.99704,-73.9926,40.68816,40.6926,01:21,33.6206684609,5.76385639475
--------,58.8740373308,23.5689122483,2.49795309646,--------
-73.98816,-73.98372,40.74588,40.75032,00:01,0.0,0.0
-73.96152,-73.95708,40.59492,40.59936,00:44,58.8740373308,11.8255063524
-73.97484,-73.9704,40.75476,40.7592,01:52,0.0,11.7434058959
--------,58.4516777305,18.4011258313,3.17652725526,--------
-73.98816,-73.98372,40.74588,40.75032,00:01,0.0,0.0
-73.92156,-73.91712,40.67928,40.68372,00:31,43.7765486247,8.08823636586
-73.97484,-73.9704,40.75476,40.7592,01:19,0.0,8.00734690647
-73.98372,-73.97928,40.7814,40.78584,01:30,14.6751291059,2.30554255894
--------,50.9782607818,17.7631141493,2.86989434135,--------
-73.98816,-73.98372,40.74588,40.75032,00:01,0.0,0.0
-73.93488,-73.93044,40.84356,40.848,00:36,50.9782607818,9.53852189461
-73.97484,-73.9704,40.75476,40.7592,01:25,0.0,8.22459225469
--------,62.1477743437,14.2406731101,4.36410370938,--------
-73.98816,-73.98372,40.74588,40.75032,00:01,0.0,0.0
-73.9926,-73.98816,40.75476,40.7592,00:07,7.88623195397,0.846009041057
-73.98816,-73.98372,40.77696,40.7814,00:18,12.8906736964,1.76635783511
-73.98372,-73.97928,40.77252,40.77696,00:21,0.0,0.539107101312
-73.96596,-73.96152,40.75476,40.7592,00:30,15.0822690484,2.15649051306
-73.96152,-73.95708,40.7592,40.76364,00:33,0.0,0.539184723977
-73.96596,-73.96152,40.76364,40.76808,00:36,0.0,0.539169202235
-73.96596,-73.96152,40.76808,40.77252,00:38,0.0,0.306793277783
-73.96596,-73.96152,40.77252,40.77696,00:40,0.0,0.306793277784
-73.96596,-73.96152,40.77252,40.77696,00:42,0.0,0.0
-73.95708,-73.95264,40.77252,40.77696,00:45,6.28919299578,0.464658701555
-73.95708,-73.95264,40.77696,40.7814,00:48,0.0,0.306793277783
-73.95708,-73.95264,40.77696,40.7814,00:50,0.0,0.0
-73.9482,-73.94376,40.79028,40.79472,00:56,10.4784257664,1.38500748026
-73.97484,-73.9704,40.75476,40.7592,01:10,0.0,3.84794961619
-73.97928,-73.97484,40.75476,40.7592,01:15,0.0,0.232391446192
-73.9926,-73.98816,40.7592,40.76364,01:21,9.52098088262,1.00396761577
--------,76.0188188238,30.5839237983,2.48558096486,--------
-73.98816,-73.98372,40.74588,40.75032,00:01,0.0,0.0
-73.95708,-73.95264,40.78584,40.79028,00:19,25.6231710251,4.38809689016
-73.95708,-73.95264,40.7814,40.78584,00:21,0.0,0.306793277784
-73.95708,-73.95264,40.77696,40.7814,00:23,0.0,0.306793277784
-73.9482,-73.94376,40.79028,40.79472,00:29,10.0673646523,1.38500748026
-73.95264,-73.9482,40.78584,40.79028,00:32,0.0,0.539060510974
-73.95708,-73.95264,40.7814,40.78584,00:35,0.0,0.53907604248
-73.95708,-73.95264,40.77696,40.7814,00:37,0.0,0.306793277784
-73.86384,-73.8594,40.83024,40.83468,01:08,40.3282831464,8.56010939838
-74.00148,-73.99704,40.72812,40.73256,02:29,0.0,14.2521936427
--------,80.0967685312,18.9344144496,4.23022157588,--------
-73.98816,-73.98372,40.74588,40.75032,00:01,0.0,0.0
-73.9926,-73.98816,40.77252,40.77696,00:11,12.3992278508,2.07318215219
-73.98816,-73.98372,40.77252,40.77696,00:13,0.0,0.232329350851
-73.98372,-73.97928,40.77252,40.77696,00:15,0.0,0.232329350852
-73.97928,-73.97484,40.78584,40.79028,00:21,10.1913021783,1.1527091842
-73.96152,-73.95708,40.77696,40.7814,00:28,11.1898807645,1.54271761287
-73.95708,-73.95264,40.77696,40.7814,00:30,0.0,0.232313823529
-73.9482,-73.94376,40.77696,40.7814,00:33,4.92451918595,0.464627646909
-73.95264,-73.9482,40.77252,40.77696,00:36,0.0,0.539107101313
-73.95708,-73.95264,40.77696,40.7814,00:39,0.0,0.539122628635
-73.95708,-73.95264,40.77696,40.7814,00:41,0.0,0.0
-73.95708,-73.95264,40.77696,40.7814,00:43,0.0,0.0
-73.95708,-73.95264,40.77696,40.7814,00:45,0.0,0.0
-73.95708,-73.95264,40.77696,40.7814,00:47,0.0,0.0
-73.95708,-73.95264,40.77696,40.7814,00:49,0.0,0.0
-73.93932,-73.93488,40.79028,40.79472,00:57,12.148764395,1.84963512598
-73.97484,-73.9704,40.75476,40.7592,01:13,0.0,4.31248407528
-73.98816,-73.98372,40.75476,40.7592,01:19,0.0,0.697174337983
-73.99704,-73.9926,40.68816,40.6926,01:44,29.2430741567,5.06668205899
--------,83.795592064,14.1759074451,5.91112719863,--------
-73.98816,-73.98372,40.74588,40.75032,00:01,0.0,0.0
-73.96596,-73.96152,40.75476,40.7592,00:10,13.2421116781,1.77569898005
-73.96152,-73.95708,40.7592,40.76364,00:13,0.0,0.539184723977
-73.9482,-73.94376,40.77252,40.77696,00:20,13.1426978868,1.61750760611
-73.95264,-73.9482,40.77252,40.77696,00:22,0.0,0.232329350853
-73.95708,-73.95264,40.77696,40.7814,00:25,0.0,0.539122628635
-73.9482,-73.94376,40.77696,40.7814,00:28,4.62477746122,0.464627646909
-73.95264,-73.9482,40.77252,40.77696,00:31,0.0,0.539107101313
-73.95708,-73.95264,40.77696,40.7814,00:34,0.0,0.539122628635
-73.95708,-73.95264,40.77696,40.7814,00:36,0.0,0.0
-73.95708,-73.95264,40.77696,40.7814,00:38,0.0,0.0
-73.95708,-73.95264,40.77696,40.7814,00:40,0.0,0.0
-73.9926,-73.98816,40.76808,40.77252,00:50,12.9658837521,2.4720971313
-73.98816,-73.98372,40.76808,40.77252,00:52,0.0,0.232344876779
-73.9926,-73.98816,40.74588,40.75032,01:00,24.3738794335,1.7663112657
-73.98372,-73.97928,40.7592,40.76364,01:09,0.0,1.38522480418
-73.98372,-73.97928,40.73256,40.737,01:19,15.4462418522,1.8407596667
-73.98816,-73.98372,40.73256,40.737,01:21,0.0,0.232469033969
--------,54.9155332375,14.7430378124,3.72484517344,--------
-73.98816,-73.98372,40.74588,40.75032,00:01,0.0,0.0
-73.9038,-73.89936,40.77252,40.77696,00:25,34.4913775074,6.25678672154
-73.97484,-73.9704,40.75476,40.7592,00:56,0.0,4.94444262361
-73.95264,-73.9482,40.7814,40.78584,01:10,20.4241557301,3.00271689469
-73.95708,-73.95264,40.77696,40.7814,01:17,0.0,0.539091572594
-73.95708,-73.95264,40.77696,40.7814,01:19,0.0,0.0
-73.95708,-73.95264,40.77696,40.7814,01:21,0.0,0.0
--------,74.3501980865,18.6282576269,3.99125884855,--------
-73.98816,-73.98372,40.74588,40.75032,00:01,0.0,0.0
-73.97928,-73.97484,40.73256,40.737,00:09,11.0362588288,1.38522480418
-73.97484,-73.9704,40.75476,40.7592,00:16,0.0,1.76643542289
-73.97928,-73.97484,40.78584,40.79028,00:28,15.0394459389,2.37994439068
-73.97484,-73.9704,40.78584,40.79028,00:30,0.0,0.232282764696
-73.9704,-73.96596,40.7814,40.78584,00:33,0.0,0.539076042481
-73.96596,-73.96152,40.77696,40.7814,00:36,0.0,0.539091572594
-73.96596,-73.96152,40.77252,40.77696,00:38,0.0,0.306793277783
-73.96596,-73.96152,40.77252,40.77696,00:40,0.0,0.0
-73.98816,-73.98372,40.7592,40.76364,00:49,15.8742843178,2.08202658464
-73.99704,-73.9926,40.7592,40.76364,00:55,5.37976353542,0.464751848753
-73.95708,-73.95264,40.79472,40.79916,01:12,27.0204454657,4.54572952448
-73.98816,-73.98372,40.75476,40.7592,01:38,0.0,4.38690139372
--------,61.6332302937,16.5837042775,3.71649356876,--------
-73.98816,-73.98372,40.74588,40.75032,00:01,0.0,0.0
-73.9038,-73.89936,40.77252,40.77696,00:25,33.191344719,6.25678672154
-73.97484,-73.9704,40.75476,40.7592,00:56,0.0,4.94444262361
-73.95264,-73.9482,40.80804,40.81248,01:16,28.4418855747,4.8434765614
-73.9482,-73.94376,40.8036,40.80804,01:19,0.0,0.538998370994
-73.9482,-73.94376,40.8036,40.80804,01:20,0.0,0.0
-73.9482,-73.94376,40.8036,40.80804,01:21,0.0,0.0
--------,82.217490895,17.8779246369,4.59882746823,--------
-73.98816,-73.98372,40.74588,40.75032,00:01,0.0,0.0
-73.99704,-73.9926,40.7592,40.76364,00:09,9.55700539775,1.38522480418
-73.99704,-73.9926,40.75476,40.7592,00:12,0.0,0.306793277784
-73.97484,-73.9704,40.75476,40.7592,00:18,0.0,1.16195722799
-74.00592,-74.00148,40.7148,40.71924,00:37,25.3829952984,4.38787961508
-73.95708,-73.95264,40.76808,40.77252,01:00,32.391245634,6.23936117041
-73.98372,-73.97928,40.7592,40.76364,01:08,0.0,2.00765581104
-73.96152,-73.95708,40.77252,40.77696,01:19,14.8862445649,2.08225945263
-73.96152,-73.95708,40.76808,40.77252,01:21,0.0,0.306793277784
--------,81.6738710981,31.8919321307,2.56095713371,--------
-73.98816,-73.98372,40.74588,40.75032,00:01,0.0,0.0
-73.98372,-73.97928,40.74144,40.74588,00:06,5.19150683747,0.539215763275
-73.9482,-73.94376,40.78584,40.79028,00:25,26.7392662199,4.92743678972
-73.95264,-73.9482,40.7814,40.78584,00:28,0.0,0.539076042482
-73.95708,-73.95264,40.77696,40.7814,00:31,0.0,0.539091572594
-73.95708,-73.95264,40.77696,40.7814,00:33,0.0,0.0
-73.95708,-73.95264,40.77696,40.7814,00:35,0.0,0.0
-73.85052,-73.84608,40.85688,40.86132,01:14,49.7430980407,11.0978104226
-73.98816,-73.98372,40.75476,40.7592,02:35,0.0,14.2493015401
--------,90.5274857995,16.3155317871,5.54854643909,--------
-73.98816,-73.98372,40.74588,40.75032,00:01,0.0,0.0
-74.00592,-74.00148,40.74144,40.74588,00:08,11.62587963,1.23648321826
-73.98816,-73.98372,40.7592,40.76364,00:18,13.5253238434,2.15692512183
-74.00148,-73.99704,40.73256,40.737,00:31,15.2010098293,2.53788743946
-73.98372,-73.97928,40.77696,40.7814,00:47,23.2551091525,3.99780891223
-73.97928,-73.97484,40.77252,40.77696,00:50,0.0,0.539107101313
-73.97928,-73.97484,40.76808,40.77252,00:52,0.0,0.306793277784
-73.97484,-73.9704,40.76364,40.76808,00:55,0.0,0.539138154563
-73.97928,-73.97484,40.74588,40.75032,01:02,11.6394686379,1.45953351245
-73.98372,-73.97928,40.7592,40.76364,01:08,0.0,1.15280231884
-73.96152,-73.95708,40.77252,40.77696,01:19,15.2806947065,2.08225945263
-73.96152,-73.95708,40.76808,40.77252,01:21,0.0,0.306793277784
--------,49.646618635,17.7631141493,2.79492763587,--------
-73.98816,-73.98372,40.74588,40.75032,00:01,0.0,0.0
-73.93488,-73.93044,40.84356,40.848,00:36,49.646618635,9.53852189461
-73.97484,-73.9704,40.75476,40.7592,01:25,0.0,8.22459225469
