********,79.9688853186,20.6648527111,3.86980185324,********
--------,58.6568766542,19.3906168259,3.02501344753,--------
-73.98816,-73.98372,40.74588,40.75032,00:01,0.0,0.0
-73.98816,-73.98372,40.74588,40.75032,00:04,3.93368859846,0.0
-73.97928,-73.97484,40.7592,40.76364,00:12,11.5792491553,1.38522480418
-73.9926,-73.98816,40.77252,40.77696,00:21,11.7524977815,1.61750760611
-73.97484,-73.9704,40.75476,40.7592,00:30,0.0,2.15649051306
-73.97928,-73.97484,40.78584,40.79028,00:42,15.3927445186,2.37994439068
-73.96152,-73.95708,40.80804,40.81248,00:52,15.9986966003,2.46309744622
-73.97484,-73.9704,40.75476,40.7592,01:08,0.0,4.37813461244
-73.95708,-73.95264,40.77252,40.77696,01:19,0.0,2.15673889442
-73.98816,-73.98372,40.75476,40.7592,01:30,0.0,2.85347855877
--------,21.1576021677,17.6376347897,1.19957139492,--------
-73.98816,-73.98372,40.74588,40.75032,00:01,0.0,0.0
-73.97484,-73.9704,40.73256,40.737,00:10,11.7146417318,1.61764728923
-73.97484,-73.9704,40.75476,40.7592,00:22,0.0,1.53396638892
-73.98816,-73.98372,40.75032,40.75476,00:29,9.4429604359,1.00396761577
-73.926,-73.92156,40.69704,40.70148,00:54,0.0,6.93521679731
-73.97484,-73.9704,40.75476,40.7592,01:32,0.0,6.54683669847
--------,88.7959650497,19.9321608655,4.4549091114,--------
-73.98816,-73.98372,40.74588,40.75032,00:01,0.0,0.0
-73.97928,-73.97484,40.76364,40.76808,00:10,11.6766813483,1.69201808197
-74.00592,-74.00148,40.737,40.74144,00:23,19.8030443697,3.23492206938
-73.9926,-73.98816,40.71924,40.72368,00:32,12.8349777423,1.92453366816
-73.97928,-73.97484,40.67928,40.68372,00:46,19.17988811,3.45868620911
-73.97484,-73.9704,40.75476,40.7592,01:19,0.0,5.44814082454
-73.91268,-73.90824,40.74144,40.74588,01:36,25.3013734794,4.17386001239
--------,74.7707501802,16.7717803473,4.45812839376,--------
-73.98816,-73.98372,40.74588,40.75032,00:01,0.0,0.0
-73.98816,-73.98372,40.71036,40.7148,00:12,16.7868683422,2.45434622227
-73.97484,-73.9704,40.75476,40.7592,00:36,0.0,3.76557253778
-73.98816,-73.98372,40.75032,40.75476,00:43,10.026020553,1.00396761577
-73.98816,-73.98372,40.7592,40.76364,00:47,7.68463505119,0.613586555568
-73.98816,-73.98372,40.76808,40.77252,00:53,7.60653555575,0.613586555568
-74.00592,-74.00148,40.737,40.74144,01:05,32.6666906781,3.07693245012
-73.95264,-73.9482,40.77252,40.77696,01:24,0.0,5.24378841022
--------,62.2062135242,19.8758669636,3.12973585696,--------
-73.98816,-73.98372,40.74588,40.75032,00:01,0.0,0.0
-73.97484,-73.9704,40.73256,40.737,00:10,11.7804348217,1.61764728923
-73.97484,-73.9704,40.75476,40.7592,00:22,0.0,1.53396638892
-73.926,-73.92156,40.76808,40.77252,00:38,21.0448046355,3.47668570876
-73.97484,-73.9704,40.75476,40.7592,00:51,0.0,3.47617344521
-74.01036,-74.00592,40.70592,40.71036,01:13,29.3809740671,5.23385761267
-73.98816,-73.98372,40.75476,40.7592,01:30,0.0,4.5375365188
--------,85.4622271275,19.6805907714,4.34246248601,--------
-73.98816,-73.98372,40.74588,40.75032,00:01,0.0,0.0
-73.98372,-73.97928,40.74144,40.74588,00:06,7.14666315087,0.539215763275
-73.97484,-73.9704,40.75476,40.7592,00:13,0.0,1.38525583929
-73.98816,-73.98372,40.7592,40.76364,00:20,10.5180492526,1.00396761577
-73.9704,-73.96596,40.8036,40.80804,00:37,21.8540155257,3.99743647415
-73.97484,-73.9704,40.75476,40.7592,00:50,0.0,3.60694668592
-73.96596,-73.96152,40.76364,40.76808,00:58,10.8198917844,1.07836944781
-73.97484,-73.9704,40.75476,40.7592,01:03,0.0,1.07830735805
-73.97928,-73.97484,40.74588,40.75032,01:10,7.08192842163,0.84597800176
-73.98816,-73.98372,40.75476,40.7592,01:16,0.0,1.0784315264
-73.99704,-73.9926,40.68816,40.6926,01:41,28.0416789923,5.06668205899
--------,62.5411146451,17.9049859528,3.49294407769,--------
-73.98816,-73.98372,40.74588,40.75032,00:01,0.0,0.0
-73.96596,-73.96152,40.7592,40.76364,00:11,12.6553733063,2.08249225783
-73.8816,-73.87716,40.74144,40.74588,00:32,35.6466495174,5.64231550616
-73.97484,-73.9704,40.75476,40.7592,01:06,0.0,5.80157766839
-73.98372,-73.97928,40.7814,40.78584,01:17,14.2390918214,2.30554255894
-73.98816,-73.98372,40.75476,40.7592,01:25,0.0,2.07305796151
--------,82.6062279859,22.2215046706,3.71740029357,--------
-73.98816,-73.98372,40.74588,40.75032,00:01,0.0,0.0
-73.98816,-73.98372,40.74588,40.75032,00:04,5.62952174794,0.0
-73.98816,-73.98372,40.75476,40.7592,00:09,7.00104668417,0.613586555568
-73.9926,-73.98816,40.75032,40.75476,00:15,6.65732680847,0.539184723976
-73.98372,-73.97928,40.72368,40.72812,00:26,14.9888218079,2.30557359963
-73.98372,-73.97928,40.72812,40.73256,00:29,5.51667463458,0.306793277784
-73.97484,-73.9704,40.75476,40.7592,00:39,0.0,2.30572876123
-73.97928,-73.97484,40.74588,40.75032,00:46,8.74675218413,0.84597800176
-73.87272,-73.86828,40.72368,40.72812,01:12,34.0660841187,7.11210569876
-73.98816,-73.98372,40.75476,40.7592,01:59,0.0,8.19255405188
--------,92.0727140317,19.4570282736,4.73210568114,--------
-73.98816,-73.98372,40.74588,40.75032,00:01,0.0,0.0
-73.9704,-73.96596,40.79028,40.79472,00:18,22.5429145117,3.99762271831
-73.97484,-73.9704,40.75476,40.7592,00:28,0.0,2.68661345546
-73.98816,-73.98372,40.76364,40.76808,00:36,9.93589760646,1.31076089355
-73.98816,-73.98372,40.77252,40.77696,00:40,6.59383816091,0.613586555568
-73.97484,-73.9704,40.75476,40.7592,00:48,0.0,1.9241611631
-73.98816,-73.98372,40.76364,40.76808,00:56,10.797682294,1.31076089355
-73.9482,-73.94376,40.68372,40.68816,01:24,42.2023814586,7.61352259408
--------,64.7606821422,15.8322218758,4.09043548343,--------
-73.98816,-73.98372,40.74588,40.75032,00:01,0.0,0.0
-73.97484,-73.9704,40.73256,40.737,00:10,11.5981212377,1.61764728923
-73.97484,-73.9704,40.75476,40.7592,00:22,0.0,1.53396638892
-73.97928,-73.97484,40.74144,40.74588,00:30,9.62706681128,1.15277127954
-73.97928,-73.97484,40.71924,40.72368,00:37,0.0,1.53396638892
-73.97484,-73.9704,40.75476,40.7592,00:47,0.0,2.68686179215
-73.96596,-73.96152,40.75476,40.7592,00:52,4.98254490338,0.464782892237
-73.97484,-73.9704,40.75476,40.7592,00:55,0.0,0.464782892237
-73.98816,-73.98372,40.75032,40.75476,01:02,10.2777424482,1.00396761577
-73.98816,-73.98372,40.75476,40.7592,01:05,0.0,0.306793277784
-73.99704,-73.9926,40.68816,40.6926,01:30,28.2752067416,5.06668205899
--------,62.7856774648,18.8659087223,3.32799646118,--------
-73.98816,-73.98372,40.74588,40.75032,00:01,0.0,0.0
-73.92156,-73.91712,40.67928,40.68372,00:31,43.8722063971,8.08823636586
-73.97484,-73.9704,40.75476,40.7592,01:19,0.0,8.00734690647
-73.9926,-73.98816,40.72812,40.73256,01:32,18.9134710678,2.77032544999
--------,88.7699288882,24.7285749165,3.58977131468,--------
-73.98816,-73.98372,40.74588,40.75032,00:01,0.0,0.0
-73.9926,-73.98816,40.68372,40.68816,00:19,26.5217551558,4.52752837446
-73.97484,-73.9704,40.75476,40.7592,00:40,0.0,5.8392508599
-73.95264,-73.9482,40.78584,40.79028,00:55,22.064224196,3.30951017248
-73.97484,-73.9704,40.75476,40.7592,01:07,0.0,3.30896676499
-73.83276,-73.82832,40.7592,40.76364,01:36,40.1839495364,7.74331874465
--------,69.9670130011,16.7239276955,4.18364718356,--------
-73.98816,-73.98372,40.74588,40.75032,00:01,0.0,0.0
-73.98372,-73.97928,40.73256,40.737,00:08,9.72172445611,1.15280231884
-73.97484,-73.9704,40.75476,40.7592,00:16,0.0,1.99890445671
-73.97928,-73.97484,40.74588,40.75032,00:23,7.46920791665,0.84597800176
-73.926,-73.92156,40.76808,40.77252,00:39,23.0816453157,4.32303617229
-73.97484,-73.9704,40.75476,40.7592,00:52,0.0,3.47617344521
-73.97928,-73.97484,40.7592,40.76364,00:58,8.07574044361,0.539184723976
-73.98816,-73.98372,40.7592,40.76364,01:03,8.07441439861,0.464751848753
-73.99704,-73.9926,40.75032,40.75476,01:10,0.0,1.07833840432
-73.98816,-73.98372,40.75476,40.7592,01:15,0.0,0.771607210714
-73.9926,-73.98816,40.72812,40.73256,01:30,13.5442804704,2.0731511129
--------,151.471173368,32.0397579593,4.72760042572,--------
-73.98816,-73.98372,40.74588,40.75032,00:01,0.0,0.0
-73.97484,-73.9704,40.75032,40.75476,00:08,9.11092222239,1.00406073366
-74.00592,-74.00148,40.70592,40.71036,00:26,30.2998884062,4.69478153529
-73.97484,-73.9704,40.75476,40.7592,00:44,0.0,5.00266069992
-73.9926,-73.98816,40.72812,40.73256,00:57,17.8121052679,2.77032544999
-73.8372,-73.83276,40.87908,40.88352,02:02,94.2482574719,18.5679295404
--------,63.8353124905,21.5978928481,2.95562687246,--------
-73.98816,-73.98372,40.74588,40.75032,00:01,0.0,0.0
-73.95708,-73.95264,40.71924,40.72368,00:16,21.9122162484,3.46771705681
-73.97484,-73.9704,40.75476,40.7592,00:29,0.0,3.38440850032
-73.98816,-73.98372,40.75032,40.75476,00:36,8.81884362994,1.00396761577
-73.9926,-73.98816,40.66152,40.66596,00:59,33.1042526122,6.36827252222
-73.97484,-73.9704,40.75476,40.7592,01:42,0.0,7.37352715304
--------,67.9443433445,18.3073753712,3.71130989379,--------
-73.98816,-73.98372,40.74588,40.75032,00:01,0.0,0.0
-74.0148,-74.01036,40.70592,40.71036,00:18,24.5736979671,4.15567440779
-73.96596,-73.96152,40.6704,40.67484,00:36,28.7673986687,5.01252921513
-73.97484,-73.9704,40.75476,40.7592,01:13,0.0,6.29444446582
-73.98816,-73.98372,40.75476,40.7592,01:19,0.0,0.697174337983
-73.98816,-73.98372,40.72368,40.72812,01:35,14.6032467086,2.14755294449
--------,114.008853109,18.426156064,6.18733786435,--------
-73.98816,-73.98372,40.74588,40.75032,00:01,0.0,0.0
-74.00592,-74.00148,40.74144,40.74588,00:08,10.3343280843,1.23648321826
-73.97484,-73.9704,40.7592,40.76364,00:20,19.3329097028,2.85423912413
-73.9926,-73.98816,40.73256,40.737,00:32,18.4769358033,2.77026336302
-74.00592,-74.00148,40.73256,40.737,00:37,9.19900540698,0.697407101313
-73.98372,-73.97928,40.74144,40.74588,00:45,11.7587127621,1.77593172244
-73.97484,-73.9704,40.74588,40.75032,00:50,6.64431442699,0.771669283727
-73.97484,-73.9704,40.75476,40.7592,00:54,0.0,0.613586555568
-73.98816,-73.98372,40.77696,40.7814,01:05,14.8085879983,2.2311407269
-73.98816,-73.98372,40.75476,40.7592,01:17,0.0,1.53396638892
-73.93044,-73.926,40.76808,40.77252,01:38,23.4540589244,3.94146857973
--------,103.254823323,26.933571029,3.83368485417,--------
-73.98816,-73.98372,40.74588,40.75032,00:01,0.0,0.0
-74.01036,-74.00592,40.70592,40.71036,00:17,22.2272629784,3.92325192453
-73.97484,-73.9704,40.75476,40.7592,00:36,0.0,5.23522278899
-73.97484,-73.9704,40.74588,40.75032,00:42,6.02855640164,0.613586555568
-73.97484,-73.9704,40.75476,40.7592,00:46,0.0,0.613586555568
-74.00592,-74.00148,40.72812,40.73256,01:02,20.69822306,3.46749978173
-73.98816,-73.98372,40.75476,40.7592,01:13,0.0,2.77069785456
-73.926,-73.92156,40.65264,40.65708,01:55,54.3007808827,10.3097255681
--------,96.1377727438,23.3868403949,4.11076362264,--------
-73.98816,-73.98372,40.74588,40.75032,00:01,0.0,0.0
-73.98372,-73.97928,40.76364,40.76808,00:09,11.6140122104,1.45959559663
-73.98372,-73.97928,40.76808,40.77252,00:14,6.56501007033,0.306793277783
-73.98816,-73.98372,40.75476,40.7592,00:20,9.85303098313,1.15272471013
-73.99704,-73.9926,40.74588,40.75032,00:28,9.46638737562,1.0783694478
-73.9926,-73.98816,40.75032,40.75476,00:32,6.61042154427,0.539215763274
-74.00592,-74.00148,40.75032,40.75476,00:37,7.41338661648,0.697220899025
-73.97484,-73.9704,40.75476,40.7592,00:45,0.0,1.93364203523
-73.94376,-73.93932,40.84356,40.848,01:15,44.6155239435,7.7626056707
-73.98816,-73.98372,40.75476,40.7592,02:06,0.0,8.45667299431
--------,129.144629139,27.3961350203,4.71397257473,--------
-73.98816,-73.98372,40.74588,40.75032,00:01,0.0,0.0
-73.96596,-73.96152,40.75476,40.7592,00:10,12.9668615623,1.77569898005
-73.97484,-73.9704,40.75476,40.7592,00:13,0.0,0.464782892237
-73.9926,-73.98816,40.76364,40.76808,00:22,11.5929095047,1.54315233885
-73.97484,-73.9704,40.75476,40.7592,00:29,0.0,1.54302815933
-73.9926,-73.98816,40.72812,40.73256,00:42,18.7735721301,2.77032544999
-73.9926,-73.98816,40.75032,40.75476,00:49,10.3899684915,1.53396638892
-73.97484,-73.9704,40.79472,40.79916,01:05,23.6538956983,3.99756064251
-73.98816,-73.98372,40.75476,40.7592,01:17,0.0,3.45789460032
-73.926,-73.92156,40.65264,40.65708,01:59,51.7674217521,10.3097255681
--------,116.037354381,22.8700652162,5.07376578443,--------
-73.98816,-73.98372,40.74588,40.75032,00:01,0.0,0.0
-73.98372,-73.97928,40.73256,40.737,00:08,8.03689784723,1.15280231884
-73.95708,-73.95264,40.77252,40.77696,00:24,20.7461936445,4.15595369867
-73.97484,-73.9704,40.75476,40.7592,00:33,0.0,2.15649051306
-74.01036,-74.00592,40.70592,40.71036,00:55,32.2557706697,5.23385761267
-73.98816,-73.98372,40.76364,40.76808,01:14,28.7169367488,5.15112307437
-73.98816,-73.98372,40.75476,40.7592,01:20,0.0,0.613586555568
-73.92156,-73.91712,40.74144,40.74588,01:43,26.2815554712,4.40625144297
--------,83.9931923063,22.1359766792,3.79441998532,--------
-73.98816,-73.98372,40.74588,40.75032,00:01,0.0,0.0
-73.9704,-73.96596,40.68816,40.6926,00:21,26.2283386236,4.91800255167
-73.97484,-73.9704,40.75476,40.7592,00:39,0.0,4.83452327157
-74.00592,-74.00148,40.72812,40.73256,00:55,21.4065515076,3.46749978173
-73.98372,-73.97928,40.72368,40.72812,01:02,9.18593891371,1.46921601149
-73.98816,-73.98372,40.75476,40.7592,01:11,0.0,2.3800530038
-73.99704,-73.9926,40.68816,40.6926,01:36,27.1723632614,5.06668205899
--------,73.7861432273,17.0119144866,4.33732154517,--------
-73.98816,-73.98372,40.74588,40.75032,00:01,0.0,0.0
-74.00148,-73.99704,40.75032,40.75476,00:08,9.52526275168,1.00406073366
-73.97484,-73.9704,40.75476,40.7592,00:15,0.0,1.70123507182
-73.95264,-73.9482,40.78584,40.79028,00:30,21.9332293325,3.30951017248
-73.97484,-73.9704,40.75476,40.7592,00:42,0.0,3.30896676499
-73.97928,-73.97484,40.78584,40.79028,00:54,15.7907012679,2.37994439068
-73.97928,-73.97484,40.77696,40.7814,00:58,7.20598486238,0.613586555568
-73.97484,-73.9704,40.75476,40.7592,01:05,0.0,1.76628021245
-73.9926,-73.98816,40.75032,40.75476,01:13,9.8587078296,1.23635906107
-73.98816,-73.98372,40.75476,40.7592,01:17,0.0,0.539200244323
-73.9926,-73.98816,40.74144,40.74588,01:30,9.47225718322,1.15277127954
--------,75.2658661065,22.889771473,3.28818774775,--------
-73.98816,-73.98372,40.74588,40.75032,00:01,0.0,0.0
-74.0148,-74.01036,40.70592,40.71036,00:18,23.6132625982,4.15567440779
-73.97484,-73.9704,40.75476,40.7592,00:38,0.0,5.46778487688
-73.9926,-73.98816,40.7592,40.76364,00:46,9.97929111736,1.23635906107
-74.00592,-74.00148,40.72368,40.72812,00:59,17.6775974571,3.15147399503
-73.97484,-73.9704,40.75476,40.7592,01:13,0.0,3.77505335132
-73.98816,-73.98372,40.75476,40.7592,01:19,0.0,0.697174337983
-73.92156,-73.91712,40.74144,40.74588,01:42,23.9957149338,4.40625144297
--------,65.0476329713,18.072051699,3.59934965075,--------
-73.98816,-73.98372,40.74588,40.75032,00:01,0.0,0.0
-73.98816,-73.98372,40.74588,40.75032,00:04,5.61137333552,0.0
-73.98372,-73.97928,40.75476,40.7592,00:10,8.50223918405,0.846009041058
-73.97484,-73.9704,40.74144,40.74588,00:17,11.3165478187,1.38516272559
-73.95708,-73.95264,40.76808,40.77252,00:28,0.0,2.7705116774
-73.95264,-73.9482,40.78584,40.79028,00:35,10.0656041658,1.45951798792
-73.97484,-73.9704,40.75476,40.7592,00:47,0.0,3.30896676499
-73.9926,-73.98816,40.72812,40.73256,01:00,17.7360527992,2.77032544999
-73.98816,-73.98372,40.76808,40.77252,01:12,0.0,2.99362404739
-73.98816,-73.98372,40.75476,40.7592,01:17,0.0,0.920379833351
-74.00148,-73.99704,40.74144,40.74588,01:31,11.815815668,1.61755417133
--------,69.4684940225,16.6884406255,4.16267137125,--------
-73.98816,-73.98372,40.74588,40.75032,00:01,0.0,0.0
-73.98816,-73.98372,40.74588,40.75032,00:04,5.11941267031,0.0
-73.96596,-73.96152,40.7592,40.76364,00:14,13.6523779637,2.08249225783
-73.9926,-73.98816,40.72368,40.72812,00:29,25.879289372,3.84860176377
-73.96596,-73.96152,40.67484,40.67928,00:48,24.8174140165,4.76972640627
-73.97484,-73.9704,40.75476,40.7592,01:24,0.0,5.98762019761
--------,64.1592747264,22.2195186761,2.88751865699,--------
-73.98816,-73.98372,40.74588,40.75032,00:01,0.0,0.0
-73.98816,-73.98372,40.72812,40.73256,00:08,9.55666165713,1.22717311114
-74.00148,-73.99704,40.71036,40.7148,00:17,12.5835710504,1.92462675255
-73.97484,-73.9704,40.75476,40.7592,00:33,0.0,4.46321229371
-73.98372,-73.97928,40.77252,40.77696,00:43,11.8462091092,1.69195600337
-73.97484,-73.9704,40.75476,40.7592,00:50,0.0,1.69183181269
-73.88604,-73.8816,40.74588,40.75032,01:12,30.1728329098,5.26141528165
-73.98816,-73.98372,40.75476,40.7592,01:49,0.0,5.95930342095
--------,101.245380243,24.4871539239,4.13463241002,--------
-73.98816,-73.98372,40.74588,40.75032,00:01,0.0,0.0
-73.9926,-73.98816,40.75476,40.7592,00:07,8.27592068509,0.846009041057
-73.98816,-73.98372,40.76808,40.77252,00:16,9.65222301988,1.15277127954
-73.97484,-73.9704,40.75476,40.7592,00:23,0.0,1.6174144631
-73.95264,-73.9482,40.76808,40.77252,00:34,13.9865839463,2.08233706134
-73.97484,-73.9704,40.75476,40.7592,00:42,0.0,2.08210421428
-74.01924,-74.0148,40.7148,40.71924,01:03,30.4196059709,5.08505393745
-73.98816,-73.98372,40.75476,40.7592,01:18,0.0,4.38885704517
-73.94376,-73.93932,40.8258,40.83024,01:50,38.9110466206,7.23260688193
--------,60.2022852294,18.6970430481,3.2198826881,--------
-73.98816,-73.98372,40.74588,40.75032,00:01,0.0,0.0
-74.0148,-74.01036,40.70592,40.71036,00:18,24.2538320598,4.15567440779
-73.97484,-73.9704,40.75476,40.7592,00:38,0.0,5.46778487688
-73.98372,-73.97928,40.77252,40.77696,00:48,11.6357450895,1.69195600337
-73.9926,-73.98816,40.72812,40.73256,01:02,0.0,3.53259147939
-73.97928,-73.97484,40.74588,40.75032,01:11,15.3796277066,1.92462675255
-73.98816,-73.98372,40.75476,40.7592,01:17,0.0,1.0784315264
-73.9926,-73.98816,40.76364,40.76808,01:29,8.93308037342,0.84597800176
--------,49.5110359627,17.7631141493,2.78729481478,--------
-73.98816,-73.98372,40.74588,40.75032,00:01,0.0,0.0
-73.93488,-73.93044,40.84356,40.848,00:36,49.5110359627,9.53852189461
-73.97484,-73.9704,40.75476,40.7592,01:25,0.0,8.22459225469
